        1	2016-09-05 11:50:35	1	0	1	0
        1	2016-09-05 11:50:36	1	0	2	0
      400	2016-12-22 08:28:04	1	0	1	0
      400	2016-12-22 15:04:19	1	1	1	0
      401	2016-12-22 15:21:49	1	0	1	0
      401	2016-12-22 15:21:53	1	0	1	0
      402	2016-12-22 18:01:22	1	0	1	0
      401	2016-12-22 18:49:07	1	1	1	0
      401	2016-12-22 18:49:11	1	1	1	0
      402	2016-12-22 22:09:10	1	1	1	0
      400	2016-12-23 07:58:54	1	0	1	0
      403	2016-12-23 11:04:02	1	0	1	0
      404	2016-12-23 14:58:45	1	0	1	0
      403	2016-12-23 15:08:55	1	1	1	0
      400	2016-12-23 15:22:01	1	1	1	0
      402	2016-12-23 18:23:55	1	0	1	0
      402	2016-12-23 22:16:29	1	4	1	0
      402	2016-12-23 22:16:37	1	1	1	0
      404	2016-12-23 22:17:09	1	1	1	0
      400	2016-12-24 08:06:05	1	0	1	0
      404	2016-12-24 13:59:25	1	0	1	0
      401	2016-12-24 14:50:11	1	0	1	0
      401	2016-12-24 14:50:15	1	0	1	0
      400	2016-12-24 15:06:27	1	0	1	0
      400	2016-12-24 15:06:38	1	1	1	0
      402	2016-12-24 17:56:34	1	0	1	0
      402	2016-12-24 17:56:38	1	0	1	0
      401	2016-12-24 18:02:22	1	1	1	0
      401	2016-12-24 18:02:26	1	1	1	0
      404	2016-12-24 22:40:43	1	1	1	0
      402	2016-12-24 23:00:16	1	1	1	0
      402	2016-12-24 23:00:27	1	1	1	0
      400	2016-12-25 07:56:18	1	0	1	0
      403	2016-12-25 11:03:55	1	0	1	0
      404	2016-12-25 14:22:16	1	0	1	0
      401	2016-12-25 14:57:53	1	0	1	0
      401	2016-12-25 14:57:57	1	0	1	0
      403	2016-12-25 15:03:53	1	1	1	0
      400	2016-12-25 15:03:58	1	1	1	0
      402	2016-12-25 17:58:35	1	0	1	0
      402	2016-12-25 17:58:39	1	0	1	0
      401	2016-12-25 18:15:04	1	1	1	0
      401	2016-12-25 18:15:09	1	1	1	0
      404	2016-12-25 22:38:23	1	1	1	0
      402	2016-12-25 22:44:22	1	1	1	0
      402	2016-12-25 22:44:25	1	1	1	0
      402	2016-12-25 22:44:26	1	1	1	0
      401	2016-12-26 08:12:31	1	0	1	0
      401	2016-12-26 08:12:35	1	0	1	0
      404	2016-12-26 14:36:09	1	0	1	0
      401	2016-12-26 15:33:51	1	1	1	0
      401	2016-12-26 15:33:55	1	1	1	0
      402	2016-12-26 17:56:19	1	0	1	0
      402	2016-12-26 17:56:23	1	0	1	0
      404	2016-12-26 18:50:49	1	1	1	0
      402	2016-12-26 22:11:17	1	1	1	0
      402	2016-12-26 22:11:20	1	1	1	0
      400	2016-12-27 08:06:58	1	0	1	0
      401	2016-12-27 08:10:47	1	0	1	0
      401	2016-12-27 08:10:51	1	0	1	0
      401	2016-12-27 13:47:17	1	1	1	0
      401	2016-12-27 13:47:22	1	1	1	0
      401	2016-12-27 13:47:26	1	1	1	0
      400	2016-12-27 15:28:09	1	1	1	0
      402	2016-12-27 17:54:42	1	0	1	0
      403	2016-12-27 18:08:39	1	0	1	0
      402	2016-12-27 22:14:07	1	1	1	0
      402	2016-12-27 22:14:11	1	1	1	0
      400	2016-12-28 08:12:32	1	0	1	0
      401	2016-12-28 08:12:37	1	0	1	0
      401	2016-12-28 08:12:41	1	0	1	0
      401	2016-12-28 11:34:41	1	1	1	0
      401	2016-12-28 11:34:51	1	1	1	0
      404	2016-12-28 14:48:25	1	0	1	0
      400	2016-12-28 15:02:19	1	1	1	0
      402	2016-12-28 17:55:20	1	0	1	0
      404	2016-12-28 22:15:37	1	1	1	0
      402	2016-12-28 22:17:05	1	0	1	0
      402	2016-12-28 22:17:12	1	1	1	0
      400	2016-12-29 08:17:07	1	0	1	0
      401	2016-12-29 08:26:22	1	0	1	0
      401	2016-12-29 08:26:26	1	0	1	0
      401	2016-12-29 11:49:03	1	1	1	0
      401	2016-12-29 11:49:07	1	1	1	0
      404	2016-12-29 14:40:06	1	0	1	0
      400	2016-12-29 15:22:35	1	1	1	0
      404	2016-12-29 22:14:56	1	0	1	0
      404	2016-12-29 22:15:14	1	1	1	0
      400	2016-12-30 07:59:42	1	0	1	0
      404	2016-12-30 15:10:06	1	0	1	0
      400	2016-12-30 15:18:17	1	1	1	0
      401	2016-12-30 18:29:56	1	0	1	0
      401	2016-12-30 18:30:00	1	0	1	0
      401	2016-12-30 22:17:47	1	1	1	0
      401	2016-12-30 22:17:52	1	1	1	0
      404	2016-12-30 22:22:23	1	1	1	0
      400	2016-12-31 08:12:35	1	0	1	0
      404	2016-12-31 14:50:29	1	0	1	0
      400	2016-12-31 15:10:24	1	1	1	0
      402	2016-12-31 17:33:22	1	0	1	0
      402	2016-12-31 17:33:24	1	0	1	0
      402	2016-12-31 22:48:20	1	1	1	0
      402	2016-12-31 22:48:23	1	1	1	0
      404	2016-12-31 22:48:59	1	1	1	0
      400	2017-01-01 08:07:43	1	0	1	0
      404	2017-01-01 14:40:44	1	0	1	0
      400	2017-01-01 15:06:05	1	1	1	0
      402	2017-01-01 17:36:56	1	0	1	0
      402	2017-01-01 17:36:58	1	0	1	0
      404	2017-01-01 22:43:28	1	1	1	0
      402	2017-01-01 22:47:40	1	1	1	0
      400	2017-01-02 08:11:07	1	0	1	0
      402	2017-01-02 14:50:13	1	0	1	0
      402	2017-01-02 14:50:16	1	0	1	0
      400	2017-01-02 15:32:48	1	1	1	0
      404	2017-01-02 16:04:18	1	0	1	0
      404	2017-01-02 22:11:14	1	1	1	0
      402	2017-01-02 22:11:18	1	1	1	0
      405	2017-01-03 08:10:03	1	0	1	0
      405	2017-01-03 08:10:08	1	0	1	0
      400	2017-01-03 08:11:02	1	0	1	0
      404	2017-01-03 14:39:22	1	0	1	0
      402	2017-01-03 14:44:21	1	0	1	0
      405	2017-01-03 15:06:31	1	1	1	0
      405	2017-01-03 15:06:34	1	1	1	0
      400	2017-01-03 15:06:57	1	1	1	0
      402	2017-01-03 22:06:34	1	1	1	0
      404	2017-01-03 22:12:40	1	1	1	0
      405	2017-01-04 08:09:31	1	0	1	0
      405	2017-01-04 08:09:35	1	0	1	0
      400	2017-01-04 08:18:22	1	0	1	0
      402	2017-01-04 14:29:59	1	0	1	0
      405	2017-01-04 15:00:02	1	0	1	0
      405	2017-01-04 15:00:07	1	1	1	0
      405	2017-01-04 15:00:11	1	1	1	0
      400	2017-01-04 15:00:28	1	1	1	0
      404	2017-01-04 15:17:52	1	0	1	0
      404	2017-01-04 22:15:21	1	1	1	0
      402	2017-01-04 22:22:00	1	1	1	0
      406	2017-01-05 08:02:48	1	0	1	0
      405	2017-01-05 08:10:51	1	0	1	0
      405	2017-01-05 08:10:58	1	0	1	0
      400	2017-01-05 08:12:47	1	0	1	0
      404	2017-01-05 14:37:19	1	0	1	0
      402	2017-01-05 14:45:36	1	0	1	0
      406	2017-01-05 15:05:46	1	1	1	0
      400	2017-01-05 15:11:57	1	1	1	0
      405	2017-01-05 15:32:53	1	1	1	0
      405	2017-01-05 15:32:57	1	1	1	0
      402	2017-01-05 22:11:24	1	1	1	0
      404	2017-01-05 22:16:07	1	1	1	0
      406	2017-01-06 07:47:42	1	0	1	0
      405	2017-01-06 08:08:52	1	0	1	0
      405	2017-01-06 08:08:56	1	0	1	0
      400	2017-01-06 08:25:19	1	0	1	0
      402	2017-01-06 14:40:45	1	0	1	0
      406	2017-01-06 14:59:52	1	1	1	0
      405	2017-01-06 15:00:27	1	1	1	0
      405	2017-01-06 15:00:31	1	1	1	0
      400	2017-01-06 15:37:55	1	1	1	0
      402	2017-01-06 22:22:06	1	1	1	0
      405	2017-01-07 08:22:45	1	0	1	0
      405	2017-01-07 08:22:49	1	0	1	0
      406	2017-01-07 08:22:53	1	0	1	0
      406	2017-01-07 08:22:57	1	0	1	0
      400	2017-01-07 08:23:54	1	0	1	0
      404	2017-01-07 14:39:59	1	0	1	0
      406	2017-01-07 15:00:28	1	0	1	0
      406	2017-01-07 15:00:29	1	0	1	0
      406	2017-01-07 15:00:38	1	1	1	0
      406	2017-01-07 15:00:41	1	1	1	0
      405	2017-01-07 15:00:48	1	1	1	0
      405	2017-01-07 15:00:51	1	1	1	0
      402	2017-01-07 15:06:24	1	0	1	0
      401	2017-01-07 15:36:24	1	0	1	0
      401	2017-01-07 15:36:28	1	0	1	0
      400	2017-01-07 15:51:24	1	1	1	0
      401	2017-01-07 22:34:28	1	1	1	0
      401	2017-01-07 22:34:32	1	1	1	0
      404	2017-01-07 22:39:42	1	1	1	0
      402	2017-01-07 22:48:37	1	1	1	0
      406	2017-01-08 08:00:28	1	0	1	0
      405	2017-01-08 08:13:05	1	0	1	0
      405	2017-01-08 08:13:08	1	0	1	0
      400	2017-01-08 08:18:18	1	0	1	0
      402	2017-01-08 14:36:38	1	0	1	0
      402	2017-01-08 14:36:40	1	0	1	0
      402	2017-01-08 14:36:42	1	0	1	0
      404	2017-01-08 14:44:32	1	0	1	0
      405	2017-01-08 15:00:06	1	1	1	0
      405	2017-01-08 15:00:08	1	1	1	0
      406	2017-01-08 15:00:15	1	1	1	0
      406	2017-01-08 15:00:21	1	1	1	0
      400	2017-01-08 15:23:15	1	1	1	0
      402	2017-01-08 22:29:39	1	1	1	0
      402	2017-01-08 22:29:42	1	1	1	0
      402	2017-01-08 22:29:44	1	1	1	0
      404	2017-01-08 22:30:40	1	1	1	0
      405	2017-01-09 08:16:11	1	0	1	0
      405	2017-01-09 08:16:13	1	0	1	0
      400	2017-01-09 08:20:02	1	0	1	0
      406	2017-01-09 09:27:39	1	0	1	0
      406	2017-01-09 09:27:43	1	0	1	0
      404	2017-01-09 14:34:55	1	0	1	0
      402	2017-01-09 14:42:43	1	0	1	0
      402	2017-01-09 14:42:45	1	0	1	0
      402	2017-01-09 14:42:48	1	0	1	0
      406	2017-01-09 15:00:42	1	1	1	0
      406	2017-01-09 15:00:46	1	1	1	0
      405	2017-01-09 15:12:45	1	1	1	0
      405	2017-01-09 15:12:48	1	1	1	0
      400	2017-01-09 15:40:25	1	1	1	0
      407	2017-01-09 18:07:59	1	0	1	0
      404	2017-01-09 18:18:18	1	1	1	0
      407	2017-01-09 22:11:55	1	1	1	0
      402	2017-01-09 22:16:46	1	1	1	0
      402	2017-01-09 22:16:50	1	1	1	0
      400	2017-01-10 08:24:39	1	0	1	0
      405	2017-01-10 08:56:57	1	0	1	0
      405	2017-01-10 08:57:00	1	0	1	0
      404	2017-01-10 14:41:30	1	0	1	0
      405	2017-01-10 15:00:20	1	1	1	0
      405	2017-01-10 15:00:22	1	1	1	0
      400	2017-01-10 15:00:58	1	1	1	0
      400	2017-01-10 15:01:00	1	1	1	0
      402	2017-01-10 15:38:05	1	0	1	0
      402	2017-01-10 15:38:07	1	0	1	0
      401	2017-01-10 16:33:43	1	0	1	0
      401	2017-01-10 16:33:47	1	0	1	0
      407	2017-01-10 17:52:28	1	0	1	0
      407	2017-01-10 17:52:29	1	0	1	0
      404	2017-01-10 22:03:03	1	1	1	0
      401	2017-01-10 22:13:19	1	1	1	0
      401	2017-01-10 22:13:20	1	1	1	0
      401	2017-01-10 22:13:22	1	1	1	0
      407	2017-01-10 22:13:28	1	1	1	0
      402	2017-01-10 22:28:24	1	1	1	0
      402	2017-01-10 22:28:26	1	1	1	0
      402	2017-01-10 22:28:28	1	1	1	0
      406	2017-01-11 08:10:27	1	0	1	0
      406	2017-01-11 08:10:32	1	0	1	0
      400	2017-01-11 08:30:42	1	0	1	0
      402	2017-01-11 14:35:47	1	0	1	0
      402	2017-01-11 14:35:49	1	0	1	0
      402	2017-01-11 14:35:51	1	0	1	0
      404	2017-01-11 14:59:01	1	0	1	0
      406	2017-01-11 15:15:14	1	1	1	0
      406	2017-01-11 15:15:16	1	1	1	0
      400	2017-01-11 15:40:01	1	1	1	0
      401	2017-01-11 16:02:27	1	0	1	0
      401	2017-01-11 16:02:31	1	0	1	0
      407	2017-01-11 17:38:49	1	0	1	0
      401	2017-01-11 22:14:27	1	1	1	0
      401	2017-01-11 22:14:31	1	1	1	0
      404	2017-01-11 22:15:55	1	1	1	0
      402	2017-01-11 22:21:33	1	1	1	0
      402	2017-01-11 22:21:34	1	1	1	0
      407	2017-01-11 22:21:56	1	1	1	0
      406	2017-01-12 08:06:26	1	0	1	0
      400	2017-01-12 08:22:40	1	0	1	0
      404	2017-01-12 14:59:22	1	0	1	0
      402	2017-01-12 15:05:09	1	0	1	0
      402	2017-01-12 15:05:11	1	0	1	0
      400	2017-01-12 15:37:57	1	1	1	0
      406	2017-01-12 16:02:37	1	1	1	0
      401	2017-01-12 16:05:27	1	0	1	0
      401	2017-01-12 16:05:29	1	0	1	0
      407	2017-01-12 17:51:28	1	0	1	0
      407	2017-01-12 17:51:29	1	0	1	0
      407	2017-01-12 22:11:17	1	1	1	0
      401	2017-01-12 22:11:22	1	1	1	0
      401	2017-01-12 22:11:28	1	1	1	0
      404	2017-01-12 22:12:10	1	1	1	0
      402	2017-01-12 22:18:05	1	1	1	0
      402	2017-01-12 22:18:10	1	1	1	0
      406	2017-01-13 08:10:33	1	0	1	0
      406	2017-01-13 08:10:38	1	0	1	0
      405	2017-01-13 08:10:42	1	0	1	0
      405	2017-01-13 08:10:50	1	0	1	0
      400	2017-01-13 08:18:45	1	0	1	0
      400	2017-01-13 08:18:46	1	0	1	0
      402	2017-01-13 14:37:25	1	0	1	0
      402	2017-01-13 14:37:28	1	0	1	0
      404	2017-01-13 15:04:31	1	0	1	0
      406	2017-01-13 15:11:15	1	1	1	0
      406	2017-01-13 15:11:19	1	1	1	0
      400	2017-01-13 15:22:21	1	1	1	0
      405	2017-01-13 15:49:00	1	1	1	0
      405	2017-01-13 15:49:05	1	1	1	0
      401	2017-01-13 16:17:04	1	0	1	0
      401	2017-01-13 16:17:05	1	0	1	0
      401	2017-01-13 16:17:07	1	0	1	0
      407	2017-01-13 17:50:49	1	0	1	0
      404	2017-01-13 22:23:09	1	1	1	0
      402	2017-01-13 22:24:50	1	1	1	0
      402	2017-01-13 22:24:52	1	1	1	0
      407	2017-01-13 22:24:59	1	1	1	0
      401	2017-01-13 22:26:03	1	1	1	0
      401	2017-01-13 22:26:07	1	1	1	0
      406	2017-01-14 08:08:17	1	0	1	0
      406	2017-01-14 08:08:19	1	0	1	0
      405	2017-01-14 08:15:26	1	0	1	0
      405	2017-01-14 08:15:34	1	0	1	0
      400	2017-01-14 08:22:59	1	0	1	0
      400	2017-01-14 08:23:00	1	0	1	0
      402	2017-01-14 14:42:58	1	0	1	0
      402	2017-01-14 14:43:00	1	0	1	0
      406	2017-01-14 15:06:41	1	1	1	0
      406	2017-01-14 15:06:44	1	1	1	0
      405	2017-01-14 15:17:11	1	1	1	0
      405	2017-01-14 15:17:14	1	1	1	0
      400	2017-01-14 15:46:07	1	1	1	0
      407	2017-01-14 17:50:05	1	0	1	0
      407	2017-01-14 22:41:39	1	1	1	0
      402	2017-01-14 22:46:25	1	1	1	0
      402	2017-01-14 22:46:27	1	1	1	0
      406	2017-01-15 08:13:41	1	0	1	0
      406	2017-01-15 08:13:44	1	0	1	0
      405	2017-01-15 08:16:31	1	0	1	0
      405	2017-01-15 08:16:34	1	0	1	0
      400	2017-01-15 08:26:32	1	0	1	0
      402	2017-01-15 14:39:45	1	0	1	0
      402	2017-01-15 14:39:47	1	0	1	0
      402	2017-01-15 14:39:49	1	0	1	0
      406	2017-01-15 15:00:53	1	1	1	0
      406	2017-01-15 15:00:57	1	1	1	0
      404	2017-01-15 15:07:16	1	0	1	0
      405	2017-01-15 15:07:22	1	1	1	0
      405	2017-01-15 15:07:27	1	1	1	0
      400	2017-01-15 15:32:25	1	1	1	0
      404	2017-01-15 22:31:22	1	1	1	0
      402	2017-01-15 22:39:03	1	1	1	0
      402	2017-01-15 22:39:04	1	1	1	0
      402	2017-01-15 22:39:06	1	1	1	0
      406	2017-01-16 08:14:27	1	0	1	0
      406	2017-01-16 08:14:30	1	0	1	0
      405	2017-01-16 08:20:53	1	0	1	0
      405	2017-01-16 08:21:03	1	0	1	0
      406	2017-01-16 16:43:33	1	1	1	0
      406	2017-01-16 16:43:36	1	1	1	0
      405	2017-01-16 16:44:23	1	1	1	0
      405	2017-01-16 16:44:26	1	1	1	0
      400	2017-01-17 08:26:19	1	0	1	0
      405	2017-01-17 09:02:00	1	0	1	0
      405	2017-01-17 09:02:04	1	0	1	0
      402	2017-01-17 14:44:43	1	0	1	0
      402	2017-01-17 14:44:45	1	0	1	0
      402	2017-01-17 14:44:47	1	0	1	0
      404	2017-01-17 14:53:27	1	0	1	0
      405	2017-01-17 15:16:39	1	1	1	0
      405	2017-01-17 15:16:42	1	1	1	0
      400	2017-01-17 15:44:45	1	1	1	0
      404	2017-01-17 22:19:14	1	0	1	0
      402	2017-01-17 22:20:14	1	0	1	0
      402	2017-01-17 22:20:19	1	1	1	0
      402	2017-01-17 22:20:20	1	1	1	0
      406	2017-01-18 08:10:53	1	0	1	0
      406	2017-01-18 08:10:55	1	0	1	0
      400	2017-01-18 08:19:21	1	0	1	0
      402	2017-01-18 14:44:31	1	0	1	0
      402	2017-01-18 14:44:32	1	0	1	0
      406	2017-01-18 15:01:07	1	1	1	0
      406	2017-01-18 15:01:10	1	1	1	0
      400	2017-01-18 15:03:51	1	1	1	0
      404	2017-01-18 15:04:19	1	0	1	0
      402	2017-01-18 22:23:04	1	1	1	0
      402	2017-01-18 22:23:05	1	1	1	0
      402	2017-01-18 22:23:07	1	1	1	0
      404	2017-01-18 22:23:51	1	1	1	0
      406	2017-01-19 08:12:09	1	0	1	0
      406	2017-01-19 08:12:12	1	0	1	0
      405	2017-01-19 08:14:35	1	0	1	0
      405	2017-01-19 08:14:38	1	0	1	0
      400	2017-01-19 08:17:58	1	0	1	0
      402	2017-01-19 14:34:54	1	0	1	0
      402	2017-01-19 14:34:56	1	0	1	0
      406	2017-01-19 15:28:18	1	1	1	0
      406	2017-01-19 15:28:22	1	1	1	0
      400	2017-01-19 15:37:51	1	1	1	0
      405	2017-01-19 15:42:06	1	1	1	0
      405	2017-01-19 15:42:11	1	1	1	0
      402	2017-01-19 22:20:52	1	1	1	0
      402	2017-01-19 22:20:54	1	1	1	0
      406	2017-01-20 08:02:48	1	0	1	0
      406	2017-01-20 08:02:51	1	0	1	0
      405	2017-01-20 08:15:35	1	0	1	0
      405	2017-01-20 08:15:38	1	0	1	0
      400	2017-01-20 08:21:41	1	0	1	0
      400	2017-01-20 08:21:42	1	0	1	0
      405	2017-01-20 13:13:31	1	1	1	0
      405	2017-01-20 13:13:34	1	1	1	0
      404	2017-01-20 13:25:24	1	0	1	0
      402	2017-01-20 14:40:20	1	0	1	0
      402	2017-01-20 14:40:21	1	0	1	0
      402	2017-01-20 14:40:23	1	0	1	0
      406	2017-01-20 15:03:18	1	1	1	0
      406	2017-01-20 15:03:20	1	1	1	0
      400	2017-01-20 15:28:41	1	1	1	0
      400	2017-01-20 15:28:42	1	1	1	0
      404	2017-01-20 22:17:01	1	1	1	0
      402	2017-01-20 22:23:35	1	1	1	0
      402	2017-01-20 22:23:36	1	1	1	0
      406	2017-01-21 08:12:18	1	0	1	0
      406	2017-01-21 08:12:21	1	0	1	0
      405	2017-01-21 08:16:09	1	0	1	0
      405	2017-01-21 08:16:11	1	0	1	0
      400	2017-01-21 08:22:39	1	0	1	0
      400	2017-01-21 08:22:42	1	0	1	0
      402	2017-01-21 15:11:18	1	0	1	0
      402	2017-01-21 15:11:20	1	0	1	0
      405	2017-01-21 15:15:53	1	1	1	0
      405	2017-01-21 15:16:01	1	1	1	0
      406	2017-01-21 15:33:07	1	1	1	0
      406	2017-01-21 15:33:10	1	1	1	0
      400	2017-01-21 15:33:17	1	1	1	0
      400	2017-01-21 15:33:18	1	1	1	0
      404	2017-01-21 16:44:18	1	0	1	0
      404	2017-01-21 22:36:30	1	1	1	0
      402	2017-01-21 22:41:44	1	1	1	0
      402	2017-01-21 22:41:46	1	1	1	0
      406	2017-01-22 08:09:30	1	0	1	0
      406	2017-01-22 08:09:34	1	0	1	0
      405	2017-01-22 08:20:07	1	0	1	0
      405	2017-01-22 08:20:09	1	0	1	0
      400	2017-01-22 08:22:35	1	0	1	0
      406	2017-01-22 15:06:02	1	1	1	0
      406	2017-01-22 15:06:04	1	1	1	0
      405	2017-01-22 15:06:12	1	1	1	0
      405	2017-01-22 15:06:14	1	1	1	0
      404	2017-01-22 15:13:08	1	0	1	0
      400	2017-01-22 17:40:48	1	1	1	0
      408	2017-01-22 17:44:07	1	0	1	0
      404	2017-01-22 22:37:48	1	1	1	0
      408	2017-01-22 22:40:42	1	1	1	0
      406	2017-01-23 08:04:52	1	0	1	0
      406	2017-01-23 08:04:56	1	0	1	0
      405	2017-01-23 08:30:57	1	0	1	0
      405	2017-01-23 08:31:00	1	0	1	0
      400	2017-01-23 08:35:20	1	0	1	0
      400	2017-01-23 08:35:23	1	0	1	0
      406	2017-01-23 16:06:46	1	1	1	0
      406	2017-01-23 16:06:48	1	1	1	0
      405	2017-01-23 16:07:31	1	1	1	0
      405	2017-01-23 16:07:33	1	1	1	0
      408	2017-01-23 17:55:26	1	0	1	0
      408	2017-01-23 22:09:37	1	1	1	0
      400	2017-01-23 22:14:23	1	1	1	0
      400	2017-01-23 22:14:25	1	1	1	0
      405	2017-01-24 08:39:46	1	0	1	0
      405	2017-01-24 08:39:50	1	0	1	0
      400	2017-01-24 12:29:11	1	0	1	0
      404	2017-01-24 14:54:30	1	0	1	0
      405	2017-01-24 15:50:57	1	1	1	0
      405	2017-01-24 15:50:59	1	1	1	0
      400	2017-01-24 15:58:17	1	1	1	0
      408	2017-01-24 16:42:02	1	0	1	0
      408	2017-01-24 22:15:40	1	1	1	0
      404	2017-01-24 22:15:51	1	1	1	0
      406	2017-01-25 08:06:30	1	0	1	0
      405	2017-01-25 08:26:32	1	0	1	0
      405	2017-01-25 08:26:39	1	0	1	0
      408	2017-01-25 15:00:24	1	0	1	0
      406	2017-01-25 15:03:18	1	1	1	0
      406	2017-01-25 15:03:28	1	1	1	0
      406	2017-01-25 15:03:31	1	1	1	0
      405	2017-01-25 15:07:07	1	1	1	0
      405	2017-01-25 15:07:14	1	1	1	0
      404	2017-01-25 15:11:34	1	0	1	0
      408	2017-01-25 22:19:04	1	1	1	0
      404	2017-01-25 22:21:48	1	1	1	0
      404	2017-01-28 12:59:34	1	0	1	0
      406	2017-01-28 13:04:46	1	0	1	0
      406	2017-01-28 13:04:49	1	0	1	0
      400	2017-01-28 13:36:43	1	0	1	0
      400	2017-01-28 14:08:00	1	0	1	0
      404	2017-01-28 22:24:36	1	1	1	0
      400	2017-01-28 22:28:47	1	1	1	0
      406	2017-01-29 13:03:28	1	0	1	0
      406	2017-01-29 13:03:30	1	0	1	0
      404	2017-01-29 13:08:52	1	0	1	0
      400	2017-01-29 14:22:32	1	0	1	0
      400	2017-01-29 14:22:36	1	0	1	0
      406	2017-01-29 22:26:42	1	1	1	0
      406	2017-01-29 22:26:45	1	1	1	0
      400	2017-01-29 22:29:52	1	1	1	0
      400	2017-01-29 22:29:54	1	1	1	0
      404	2017-01-29 22:35:23	1	1	1	0
      406	2017-01-30 13:07:08	1	0	1	0
      406	2017-01-30 13:07:10	1	0	1	0
      404	2017-01-30 13:23:08	1	0	1	0
      400	2017-01-30 13:37:14	1	0	1	0
      400	2017-01-30 13:37:16	1	0	1	0
      404	2017-01-30 22:28:05	1	1	1	0
      406	2017-01-30 22:28:54	1	1	1	0
      406	2017-01-30 22:28:56	1	1	1	0
      400	2017-01-30 22:32:57	1	1	1	0
      400	2017-01-30 22:32:59	1	1	1	0
      404	2017-01-31 12:49:27	1	0	1	0
      406	2017-01-31 12:57:18	1	0	1	0
      406	2017-01-31 12:57:20	1	0	1	0
      400	2017-01-31 13:14:46	1	0	1	0
      400	2017-01-31 13:14:47	1	0	1	0
      406	2017-01-31 22:27:56	1	1	1	0
      406	2017-01-31 22:27:59	1	1	1	0
      404	2017-01-31 22:39:04	1	1	1	0
      400	2017-01-31 22:40:26	1	1	1	0
      400	2017-01-31 22:40:35	1	1	1	0
      404	2017-02-01 08:46:49	1	0	1	0
      400	2017-02-01 09:00:57	1	0	1	0
      400	2017-02-01 09:01:02	1	0	1	0
      408	2017-02-01 14:52:14	1	0	1	0
      400	2017-02-01 15:58:06	1	1	1	0
      400	2017-02-01 15:58:08	1	1	1	0
      404	2017-02-01 22:31:34	1	1	1	0
      408	2017-02-01 22:32:18	1	1	1	0
      406	2017-02-02 08:03:15	1	0	1	0
      406	2017-02-02 08:03:18	1	0	1	0
      404	2017-02-02 09:03:37	1	0	1	0
      408	2017-02-02 15:07:01	1	0	1	0
      406	2017-02-02 15:07:27	1	1	1	0
      406	2017-02-02 15:07:30	1	1	1	0
      408	2017-02-02 22:19:51	1	1	1	0
      404	2017-02-02 22:26:10	1	1	1	0
      406	2017-02-03 08:03:15	1	0	1	0
      406	2017-02-03 08:03:17	1	0	1	0
      404	2017-02-03 14:28:59	1	0	1	0
      406	2017-02-03 15:09:20	1	1	1	0
      406	2017-02-03 15:09:25	1	1	1	0
      408	2017-02-03 17:28:43	1	0	1	0
      408	2017-02-03 21:26:05	1	1	1	0
      404	2017-02-03 22:25:42	1	1	1	0
      406	2017-02-04 08:27:41	1	0	1	0
      400	2017-02-04 08:29:51	1	0	1	0
      400	2017-02-04 08:29:53	1	0	1	0
      400	2017-02-04 08:29:54	1	0	1	0
      404	2017-02-04 14:21:27	1	0	1	0
      400	2017-02-04 15:44:36	1	1	1	0
      400	2017-02-04 15:44:38	1	1	1	0
      404	2017-02-04 22:41:33	1	1	1	0
      406	2017-02-04 22:43:47	1	1	1	0
      406	2017-02-04 22:43:51	1	1	1	0
      400	2017-02-05 08:27:22	1	0	1	0
      400	2017-02-05 08:27:29	1	0	1	0
      400	2017-02-05 08:27:31	1	0	1	0
      404	2017-02-05 14:31:48	1	0	1	0
      400	2017-02-05 15:22:03	1	1	1	0
      400	2017-02-05 15:22:07	1	1	1	0
      404	2017-02-05 22:34:54	1	1	1	0
      405	2017-02-06 08:14:31	1	0	1	0
      405	2017-02-06 08:14:33	1	0	1	0
      400	2017-02-06 08:33:23	1	0	1	0
      400	2017-02-06 08:33:25	1	0	1	0
      406	2017-02-06 08:40:52	1	0	1	0
      406	2017-02-06 08:41:02	1	0	1	0
      402	2017-02-06 14:42:06	1	0	1	0
      402	2017-02-06 14:42:07	1	0	1	0
      404	2017-02-06 14:46:07	1	0	1	0
      406	2017-02-06 15:00:27	1	1	1	0
      406	2017-02-06 15:00:30	1	1	1	0
      405	2017-02-06 15:01:01	1	1	1	0
      405	2017-02-06 15:01:06	1	1	1	0
      400	2017-02-06 15:30:02	1	1	1	0
      400	2017-02-06 15:30:07	1	1	1	0
      404	2017-02-06 22:24:59	1	1	1	0
      402	2017-02-06 22:28:25	1	1	1	0
      402	2017-02-06 22:28:26	1	1	1	0
      402	2017-02-06 22:28:28	1	1	1	0
      406	2017-02-07 08:09:31	1	0	1	0
      400	2017-02-07 08:35:42	1	0	1	0
      400	2017-02-07 08:35:44	1	0	1	0
      400	2017-02-07 08:35:45	1	0	1	0
      402	2017-02-07 14:33:09	1	0	1	0
      402	2017-02-07 14:33:11	1	0	1	0
      402	2017-02-07 14:33:13	1	0	1	0
      400	2017-02-07 15:17:03	1	1	1	0
      400	2017-02-07 15:17:06	1	1	1	0
      400	2017-02-07 15:17:07	1	1	1	0
      406	2017-02-07 15:23:57	1	1	1	0
      406	2017-02-07 15:24:00	1	1	1	0
      402	2017-02-07 22:21:30	1	1	1	0
      402	2017-02-07 22:21:32	1	1	1	0
      402	2017-02-07 22:21:33	1	1	1	0
      405	2017-02-08 07:07:20	1	0	1	0
      405	2017-02-08 07:07:25	1	0	1	0
      406	2017-02-08 07:08:30	1	0	1	0
      400	2017-02-08 07:08:34	1	0	1	0
      400	2017-02-08 07:08:37	1	0	1	0
      402	2017-02-08 14:34:34	1	0	1	0
      402	2017-02-08 14:34:36	1	0	1	0
      405	2017-02-08 15:03:37	1	1	1	0
      405	2017-02-08 15:03:41	1	1	1	0
      406	2017-02-08 15:21:37	1	1	1	0
      406	2017-02-08 15:21:38	1	1	1	0
      400	2017-02-08 15:59:08	1	1	1	0
      402	2017-02-08 22:25:52	1	1	1	0
      402	2017-02-08 22:25:54	1	1	1	0
      402	2017-02-08 22:25:55	1	1	1	0
      406	2017-02-09 07:09:22	1	0	1	0
      406	2017-02-09 07:09:25	1	0	1	0
      405	2017-02-09 07:18:41	1	0	1	0
      405	2017-02-09 07:19:01	1	0	1	0
      400	2017-02-09 07:25:22	1	0	1	0
      400	2017-02-09 07:25:24	1	0	1	0
      404	2017-02-09 14:18:13	1	0	1	0
      402	2017-02-09 14:39:58	1	0	1	0
      402	2017-02-09 14:40:01	1	0	1	0
      405	2017-02-09 15:16:06	1	1	1	0
      405	2017-02-09 15:16:08	1	1	1	0
      406	2017-02-09 15:29:35	1	1	1	0
      406	2017-02-09 15:29:37	1	1	1	0
      400	2017-02-09 15:34:36	1	1	1	0
      400	2017-02-09 15:34:38	1	1	1	0
      404	2017-02-09 22:15:34	1	1	1	0
      402	2017-02-09 22:22:36	1	1	1	0
      402	2017-02-09 22:22:38	1	1	1	0
      402	2017-02-09 22:22:39	1	1	1	0
      406	2017-02-10 07:11:20	1	0	1	0
      406	2017-02-10 07:11:22	1	0	1	0
      405	2017-02-10 07:31:03	1	0	1	0
      405	2017-02-10 07:31:07	1	0	1	0
      405	2017-02-10 07:31:12	1	0	1	0
      400	2017-02-10 08:45:29	1	0	1	0
      400	2017-02-10 08:45:30	1	0	1	0
      400	2017-02-10 08:45:31	1	0	1	0
      400	2017-02-10 14:00:52	1	1	1	0
      400	2017-02-10 14:00:55	1	1	1	0
      402	2017-02-10 14:46:04	1	0	1	0
      402	2017-02-10 14:46:06	1	0	1	0
      405	2017-02-10 15:02:05	1	1	1	0
      405	2017-02-10 15:02:08	1	1	1	0
      406	2017-02-10 15:46:50	1	1	1	0
      406	2017-02-10 15:46:52	1	1	1	0
      409	2017-02-10 17:44:47	1	0	1	0
      409	2017-02-10 22:10:29	1	1	1	0
      402	2017-02-10 22:17:34	1	1	1	0
      402	2017-02-10 22:17:36	1	1	1	0
      400	2017-02-11 07:22:39	1	0	1	0
      400	2017-02-11 07:22:42	1	0	1	0
      402	2017-02-11 14:42:20	1	0	1	0
      402	2017-02-11 14:42:22	1	0	1	0
      400	2017-02-11 15:37:21	1	1	1	0
      400	2017-02-11 15:37:23	1	1	1	0
      409	2017-02-11 17:45:17	1	0	1	0
      410	2017-02-11 17:52:51	1	0	1	0
      411	2017-02-11 17:53:48	1	0	1	0
      409	2017-02-11 22:32:59	1	1	1	0
      410	2017-02-11 22:37:46	1	0	1	0
      410	2017-02-11 22:37:55	1	1	1	0
      402	2017-02-11 22:52:57	1	1	1	0
      402	2017-02-11 22:52:59	1	1	1	0
      406	2017-02-12 07:06:07	1	0	1	0
      400	2017-02-12 07:20:11	1	0	1	0
      400	2017-02-12 07:20:13	1	0	1	0
      405	2017-02-12 07:35:09	1	0	1	0
      405	2017-02-12 07:35:12	1	0	1	0
      402	2017-02-12 14:34:26	1	0	1	0
      402	2017-02-12 14:34:27	1	0	1	0
      402	2017-02-12 14:34:29	1	0	1	0
      405	2017-02-12 15:04:10	1	1	1	0
      405	2017-02-12 15:04:12	1	1	1	0
      406	2017-02-12 15:05:26	1	1	1	0
      406	2017-02-12 15:05:28	1	1	1	0
      400	2017-02-12 15:14:28	1	1	1	0
      409	2017-02-12 17:50:46	1	0	1	0
      411	2017-02-12 17:51:40	1	0	1	0
      410	2017-02-12 17:51:52	1	0	1	0
      411	2017-02-12 22:36:52	1	0	1	0
      410	2017-02-12 22:37:08	1	1	1	0
      402	2017-02-12 22:38:22	1	1	1	0
      402	2017-02-12 22:38:24	1	1	1	0
      402	2017-02-12 22:38:26	1	1	1	0
      409	2017-02-12 22:43:03	1	1	1	0
      406	2017-02-13 07:08:22	1	0	1	0
      406	2017-02-13 07:08:25	1	0	1	0
      400	2017-02-13 07:18:57	1	0	1	0
      400	2017-02-13 07:18:59	1	0	1	0
      400	2017-02-13 07:19:00	1	0	1	0
      405	2017-02-13 07:20:29	1	0	1	0
      405	2017-02-13 07:20:34	1	0	1	0
      413	2017-02-13 14:45:49	1	0	1	0
      413	2017-02-13 14:45:51	1	0	1	0
      413	2017-02-13 14:45:53	1	0	1	0
      404	2017-02-13 14:45:57	1	0	1	0
      400	2017-02-13 15:09:10	1	0	1	0
      400	2017-02-13 15:09:19	1	1	1	0
      406	2017-02-13 15:20:16	1	1	1	0
      406	2017-02-13 15:20:24	1	1	1	0
      405	2017-02-13 15:20:55	1	1	1	0
      405	2017-02-13 15:20:59	1	1	1	0
      402	2017-02-13 16:20:00	1	0	1	0
      402	2017-02-13 16:20:02	1	0	1	0
      402	2017-02-13 16:20:03	1	0	1	0
      411	2017-02-13 17:40:46	1	0	1	0
      411	2017-02-13 17:40:47	1	0	1	0
      410	2017-02-13 17:40:54	1	0	1	0
      409	2017-02-13 17:54:51	1	0	1	0
      413	2017-02-13 19:01:06	1	1	1	0
      409	2017-02-13 22:15:06	1	1	1	0
      411	2017-02-13 22:17:20	1	1	1	0
      410	2017-02-13 22:17:33	1	1	1	0
      404	2017-02-13 22:20:34	1	0	1	0
      404	2017-02-13 22:23:14	1	1	1	0
      402	2017-02-13 22:23:17	1	1	1	0
      402	2017-02-13 22:23:19	1	1	1	0
      406	2017-02-14 07:10:01	1	0	1	0
      406	2017-02-14 07:10:07	1	0	1	0
      405	2017-02-14 07:19:15	1	0	1	0
      405	2017-02-14 07:19:17	1	0	1	0
      400	2017-02-14 07:22:04	1	0	1	0
      400	2017-02-14 07:22:06	1	0	1	0
      400	2017-02-14 07:22:07	1	0	1	0
      414	2017-02-14 10:58:37	1	0	1	0
      414	2017-02-14 10:58:44	1	0	1	0
      404	2017-02-14 13:04:52	1	0	1	0
      402	2017-02-14 14:41:45	1	0	1	0
      402	2017-02-14 14:41:47	1	0	1	0
      412	2017-02-14 14:43:44	1	0	1	0
      412	2017-02-14 14:43:45	1	0	1	0
      413	2017-02-14 14:43:50	1	0	1	0
      414	2017-02-14 15:17:41	1	1	1	0
      400	2017-02-14 15:23:20	1	1	1	0
      400	2017-02-14 15:23:21	1	1	1	0
      405	2017-02-14 15:28:34	1	1	1	0
      405	2017-02-14 15:28:36	1	1	1	0
      406	2017-02-14 15:55:30	1	1	1	0
      406	2017-02-14 15:55:33	1	1	1	0
      409	2017-02-14 17:34:00	1	0	1	0
      410	2017-02-14 17:46:40	1	0	1	0
      411	2017-02-14 17:46:45	1	0	1	0
      413	2017-02-14 18:55:28	1	1	1	0
      412	2017-02-14 18:55:33	1	1	1	0
      412	2017-02-14 18:55:35	1	1	1	0
      409	2017-02-14 22:15:53	1	1	1	0
      410	2017-02-14 22:16:59	1	1	1	0
      411	2017-02-14 22:17:05	1	1	1	0
      402	2017-02-14 22:21:23	1	1	1	0
      402	2017-02-14 22:21:28	1	1	1	0
      404	2017-02-14 22:24:38	1	1	1	0
      400	2017-02-15 07:25:45	1	0	1	0
      400	2017-02-15 07:25:46	1	0	1	0
      405	2017-02-15 07:25:51	1	0	1	0
      405	2017-02-15 07:25:53	1	0	1	0
      406	2017-02-15 07:26:18	1	0	1	0
      406	2017-02-15 07:26:21	1	0	1	0
      414	2017-02-15 10:46:11	1	0	1	0
      412	2017-02-15 14:43:45	1	0	1	0
      412	2017-02-15 14:43:46	1	0	1	0
      414	2017-02-15 15:12:26	1	0	1	0
      406	2017-02-15 15:19:19	1	1	1	0
      406	2017-02-15 15:19:21	1	1	1	0
      405	2017-02-15 15:31:43	1	1	1	0
      400	2017-02-15 15:34:26	1	1	1	0
      400	2017-02-15 15:34:28	1	1	1	0
      402	2017-02-15 16:08:03	1	0	1	0
      402	2017-02-15 16:08:05	1	0	1	0
      402	2017-02-15 16:08:07	1	0	1	0
      404	2017-02-15 16:27:22	1	0	1	0
      409	2017-02-15 17:50:06	1	0	1	0
      411	2017-02-15 17:54:52	1	0	1	0
      410	2017-02-15 17:54:57	1	0	1	0
      412	2017-02-15 19:03:57	1	0	1	0
      412	2017-02-15 19:03:59	1	0	1	0
      412	2017-02-15 19:04:00	1	0	1	0
      411	2017-02-15 22:18:02	1	1	1	0
      410	2017-02-15 22:18:10	1	1	1	0
      409	2017-02-15 22:18:15	1	1	1	0
      404	2017-02-15 22:21:01	1	0	1	0
      402	2017-02-15 22:28:23	1	0	1	0
      402	2017-02-15 22:28:24	1	0	1	0
      406	2017-02-16 07:09:59	1	0	1	0
      406	2017-02-16 07:10:03	1	0	1	0
      405	2017-02-16 07:21:19	1	0	1	0
      400	2017-02-16 07:31:51	1	0	1	0
      414	2017-02-16 10:47:29	1	0	1	0
      412	2017-02-16 14:45:42	1	0	1	0
      412	2017-02-16 14:45:44	1	0	1	0
      412	2017-02-16 14:45:45	1	0	1	0
      413	2017-02-16 14:47:59	1	0	1	0
      414	2017-02-16 15:07:11	1	0	1	0
      414	2017-02-16 15:07:16	1	0	1	0
      400	2017-02-16 15:14:43	1	1	1	0
      400	2017-02-16 15:14:46	1	1	1	0
      406	2017-02-16 15:34:32	1	1	1	0
      406	2017-02-16 15:34:34	1	1	1	0
      405	2017-02-16 15:52:46	1	1	1	0
      405	2017-02-16 15:52:49	1	1	1	0
      405	2017-02-16 15:53:46	1	1	1	0
      411	2017-02-16 17:49:01	1	0	1	0
      410	2017-02-16 17:49:07	1	0	1	0
      409	2017-02-16 17:53:23	1	0	1	0
      404	2017-02-16 18:17:27	1	0	1	0
      413	2017-02-16 18:58:47	1	1	1	0
      412	2017-02-16 19:05:31	1	1	1	0
      412	2017-02-16 19:05:33	1	1	1	0
      412	2017-02-16 19:05:34	1	1	1	0
      409	2017-02-16 22:15:58	1	1	1	0
      410	2017-02-16 22:18:16	1	1	1	0
      411	2017-02-16 22:19:20	1	0	1	0
      404	2017-02-16 22:35:38	1	1	1	0
      400	2017-02-17 07:20:20	1	0	1	0
      405	2017-02-17 07:26:10	1	0	1	0
      405	2017-02-17 07:26:12	1	0	1	0
      414	2017-02-17 10:00:51	1	0	1	0
      402	2017-02-17 14:34:04	1	0	1	0
      402	2017-02-17 14:34:06	1	0	1	0
      414	2017-02-17 15:00:54	1	0	1	0
      413	2017-02-17 15:01:03	1	0	1	0
      412	2017-02-17 15:12:07	1	0	1	0
      412	2017-02-17 15:12:09	1	0	1	0
      412	2017-02-17 15:12:10	1	0	1	0
      412	2017-02-17 15:12:11	1	0	1	0
      400	2017-02-17 15:17:28	1	1	1	0
      405	2017-02-17 15:38:23	1	1	1	0
      405	2017-02-17 15:38:25	1	1	1	0
      409	2017-02-17 17:48:17	1	0	1	0
      410	2017-02-17 17:50:13	1	0	1	0
      411	2017-02-17 17:50:17	1	0	1	0
      413	2017-02-17 19:01:16	1	1	1	0
      413	2017-02-17 19:01:20	1	1	1	0
      412	2017-02-17 19:06:26	1	1	1	0
      412	2017-02-17 19:06:28	1	1	1	0
      412	2017-02-17 19:06:29	1	1	1	0
      409	2017-02-17 22:13:23	1	1	1	0
      410	2017-02-17 22:19:17	1	1	1	0
      411	2017-02-17 22:19:22	1	1	1	0
      402	2017-02-17 22:22:02	1	0	1	0
      402	2017-02-17 22:22:04	1	0	1	0
      402	2017-02-17 22:22:05	1	0	1	0
      400	2017-02-18 07:28:30	1	0	1	0
      400	2017-02-18 07:28:33	1	0	1	0
      414	2017-02-18 10:19:37	1	0	1	0
      413	2017-02-18 14:52:51	1	0	1	0
      412	2017-02-18 14:58:32	1	0	1	0
      412	2017-02-18 14:59:20	1	0	1	0
      414	2017-02-18 15:04:22	1	1	1	0
      400	2017-02-18 15:31:44	1	1	1	0
      404	2017-02-18 17:06:25	1	0	1	0
      410	2017-02-18 17:51:31	1	0	1	0
      411	2017-02-18 17:51:34	1	0	1	0
      413	2017-02-18 18:59:42	1	1	1	0
      412	2017-02-18 19:00:51	1	1	1	0
      412	2017-02-18 19:00:53	1	1	1	0
      412	2017-02-18 19:00:57	1	1	1	0
      410	2017-02-18 22:40:27	1	1	1	0
      411	2017-02-18 22:40:30	1	1	1	0
      404	2017-02-18 22:42:19	1	1	1	0
      406	2017-02-19 07:08:02	1	0	1	0
      406	2017-02-19 07:08:04	1	0	1	0
      405	2017-02-19 07:20:35	1	0	1	0
      405	2017-02-19 07:20:42	1	0	1	0
      414	2017-02-19 09:43:33	1	0	1	0
      404	2017-02-19 13:18:24	1	0	1	0
      402	2017-02-19 14:37:17	1	0	1	0
      402	2017-02-19 14:37:19	1	0	1	0
      412	2017-02-19 14:38:12	1	0	1	0
      412	2017-02-19 14:38:13	1	0	1	0
      412	2017-02-19 14:38:15	1	0	1	0
      413	2017-02-19 14:55:39	1	0	1	0
      406	2017-02-19 14:59:07	1	1	1	0
      406	2017-02-19 14:59:09	1	1	1	0
      406	2017-02-19 15:00:03	1	1	1	0
      406	2017-02-19 15:00:04	1	1	1	0
      405	2017-02-19 15:00:14	1	1	1	0
      405	2017-02-19 15:00:16	1	1	1	0
      414	2017-02-19 15:00:24	1	1	1	0
      410	2017-02-19 17:47:34	1	0	1	0
      411	2017-02-19 17:47:37	1	0	1	0
      409	2017-02-19 17:49:15	1	0	1	0
      413	2017-02-19 19:01:26	1	1	1	0
      412	2017-02-19 19:01:41	1	1	1	0
      412	2017-02-19 19:01:43	1	1	1	0
      412	2017-02-19 19:01:44	1	1	1	0
      409	2017-02-19 22:41:04	1	1	1	0
      402	2017-02-19 22:41:37	1	1	1	0
      402	2017-02-19 22:41:39	1	1	1	0
      410	2017-02-19 22:42:22	1	1	1	0
      411	2017-02-19 22:42:25	1	1	1	0
      404	2017-02-19 22:53:01	1	1	1	0
      406	2017-02-20 07:10:58	1	0	1	0
      406	2017-02-20 07:11:00	1	0	1	0
      405	2017-02-20 07:13:55	1	0	1	0
      415	2017-02-20 07:20:05	1	0	1	0
      400	2017-02-20 07:24:35	1	0	1	0
      400	2017-02-20 07:24:37	1	0	1	0
      414	2017-02-20 10:38:38	1	0	1	0
      415	2017-02-20 11:10:25	1	0	1	0
      415	2017-02-20 11:10:47	1	1	1	0
      411	2017-02-20 14:54:29	1	0	1	0
      410	2017-02-20 14:54:32	1	0	1	0
      406	2017-02-20 15:01:27	1	1	1	0
      406	2017-02-20 15:01:30	1	1	1	0
      416	2017-02-20 15:05:59	1	0	1	0
      414	2017-02-20 15:08:41	1	1	1	0
      400	2017-02-20 15:31:48	1	1	1	0
      405	2017-02-20 15:41:39	1	1	1	0
      405	2017-02-20 15:41:41	1	1	1	0
      402	2017-02-20 16:10:29	1	0	1	0
      402	2017-02-20 16:10:31	1	0	1	0
      402	2017-02-20 16:10:33	1	0	1	0
      412	2017-02-20 17:17:26	1	0	1	0
      412	2017-02-20 17:17:29	1	0	1	0
      412	2017-02-20 17:17:30	1	0	1	0
      413	2017-02-20 17:49:08	1	0	1	0
      409	2017-02-20 17:53:38	1	0	1	0
      416	2017-02-20 18:57:27	1	1	1	0
      411	2017-02-20 19:09:13	1	1	1	0
      410	2017-02-20 19:09:15	1	1	1	0
      409	2017-02-20 22:09:27	1	1	1	0
      413	2017-02-20 22:11:14	1	1	1	0
      412	2017-02-20 22:11:20	1	1	1	0
      412	2017-02-20 22:11:22	1	1	1	0
      412	2017-02-20 22:11:23	1	1	1	0
      402	2017-02-20 22:25:06	1	1	1	0
      402	2017-02-20 22:25:07	1	1	1	0
      406	2017-02-21 07:12:15	1	0	1	0
      406	2017-02-21 07:12:17	1	0	1	0
      405	2017-02-21 07:18:04	1	0	1	0
      405	2017-02-21 07:18:07	1	0	1	0
      400	2017-02-21 07:27:29	1	0	1	0
      400	2017-02-21 07:27:32	1	0	1	0
      415	2017-02-21 07:28:53	1	0	1	0
      414	2017-02-21 10:24:26	1	0	1	0
      415	2017-02-21 11:36:02	1	1	1	0
      400	2017-02-21 12:26:29	1	1	1	0
      402	2017-02-21 14:38:35	1	0	1	0
      402	2017-02-21 14:38:37	1	0	1	0
      414	2017-02-21 15:05:25	1	1	1	0
      416	2017-02-21 15:23:37	1	0	1	0
      406	2017-02-21 15:25:43	1	1	1	0
      406	2017-02-21 15:25:45	1	1	1	0
      405	2017-02-21 15:36:03	1	1	1	0
      405	2017-02-21 15:36:05	1	1	1	0
      412	2017-02-21 15:58:40	1	0	1	0
      412	2017-02-21 15:58:42	1	0	1	0
      413	2017-02-21 17:41:05	1	0	1	0
      409	2017-02-21 17:53:43	1	0	1	0
      416	2017-02-21 19:31:29	1	1	1	0
      413	2017-02-21 22:11:03	1	1	1	0
      402	2017-02-21 22:15:00	1	1	1	0
      402	2017-02-21 22:15:01	1	1	1	0
      409	2017-02-21 22:17:33	1	1	1	0
      412	2017-02-21 22:17:41	1	1	1	0
      412	2017-02-21 22:17:43	1	1	1	0
      412	2017-02-21 22:17:44	1	1	1	0
      406	2017-02-22 07:07:57	1	0	1	0
      406	2017-02-22 07:08:03	1	0	1	0
      405	2017-02-22 07:21:15	1	0	1	0
      405	2017-02-22 07:21:19	1	0	1	0
      415	2017-02-22 07:24:52	1	0	1	0
      400	2017-02-22 07:29:42	1	0	1	0
      414	2017-02-22 10:06:49	1	0	1	0
      415	2017-02-22 11:04:37	1	1	1	0
      406	2017-02-22 13:16:33	1	1	1	0
      406	2017-02-22 13:16:34	1	1	1	0
      411	2017-02-22 14:48:57	1	0	1	0
      410	2017-02-22 14:49:02	1	0	1	0
      414	2017-02-22 15:04:47	1	1	1	0
      400	2017-02-22 15:05:40	1	1	1	0
      400	2017-02-22 15:05:42	1	1	1	0
      416	2017-02-22 15:19:19	1	0	1	0
      405	2017-02-22 15:34:36	1	1	1	0
      412	2017-02-22 17:04:17	1	0	1	0
      412	2017-02-22 17:04:18	1	0	1	0
      412	2017-02-22 17:04:20	1	0	1	0
      404	2017-02-22 17:25:50	1	0	1	0
      413	2017-02-22 17:44:00	1	0	1	0
      402	2017-02-22 17:52:09	1	0	1	0
      402	2017-02-22 17:52:12	1	0	1	0
      411	2017-02-22 19:03:45	1	1	1	0
      410	2017-02-22 19:03:51	1	1	1	0
      413	2017-02-22 22:07:25	1	1	1	0
      412	2017-02-22 22:07:55	1	1	1	0
      412	2017-02-22 22:07:57	1	1	1	0
      412	2017-02-22 22:07:58	1	1	1	0
      404	2017-02-22 22:23:41	1	0	1	0
      402	2017-02-22 22:25:01	1	0	1	0
      402	2017-02-22 22:25:03	1	0	1	0
      406	2017-02-23 07:08:19	1	0	1	0
      406	2017-02-23 07:08:21	1	0	1	0
      405	2017-02-23 07:15:26	1	0	1	0
      405	2017-02-23 07:15:32	1	0	1	0
      400	2017-02-23 07:28:03	1	0	1	0
      400	2017-02-23 07:28:05	1	0	1	0
      414	2017-02-23 10:11:47	1	0	1	0
      415	2017-02-23 10:53:57	1	0	1	0
      404	2017-02-23 14:46:10	1	0	1	0
      411	2017-02-23 14:53:29	1	0	1	0
      410	2017-02-23 14:53:33	1	0	1	0
      414	2017-02-23 15:03:09	1	1	1	0
      415	2017-02-23 15:03:16	1	1	1	0
      406	2017-02-23 15:11:52	1	1	1	0
      406	2017-02-23 15:12:08	1	1	1	0
      400	2017-02-23 15:14:26	1	1	1	0
      405	2017-02-23 15:18:51	1	1	1	0
      405	2017-02-23 15:18:55	1	1	1	0
      416	2017-02-23 15:20:05	1	0	1	0
      416	2017-02-23 15:20:07	1	0	1	0
      412	2017-02-23 16:36:32	1	0	1	0
      412	2017-02-23 16:36:37	1	0	1	0
      412	2017-02-23 16:36:40	1	0	1	0
      412	2017-02-23 16:36:41	1	0	1	0
      413	2017-02-23 17:45:48	1	0	1	0
      409	2017-02-23 17:51:51	1	0	1	0
      402	2017-02-23 18:40:57	1	0	1	0
      402	2017-02-23 18:40:59	1	0	1	0
      410	2017-02-23 19:10:48	1	1	1	0
      411	2017-02-23 19:10:53	1	1	1	0
      416	2017-02-23 19:30:24	1	1	1	0
      413	2017-02-23 22:09:37	1	1	1	0
      409	2017-02-23 22:17:44	1	1	1	0
      412	2017-02-23 22:19:17	1	0	1	0
      412	2017-02-23 22:19:19	1	0	1	0
      412	2017-02-23 22:19:24	1	1	1	0
      412	2017-02-23 22:19:25	1	1	1	0
      412	2017-02-23 22:19:27	1	1	1	0
      404	2017-02-23 22:21:51	1	1	1	0
      402	2017-02-23 22:25:30	1	1	1	0
      402	2017-02-23 22:25:32	1	1	1	0
      405	2017-02-24 06:55:50	1	0	1	0
      400	2017-02-24 07:00:25	1	0	1	0
      414	2017-02-24 10:03:21	1	0	1	0
      415	2017-02-24 10:50:01	1	0	1	0
      402	2017-02-24 14:23:29	1	0	1	0
      402	2017-02-24 14:23:31	1	0	1	0
      404	2017-02-24 14:37:01	1	0	1	0
      410	2017-02-24 14:45:26	1	0	1	0
      411	2017-02-24 14:45:28	1	0	1	0
      411	2017-02-24 14:45:29	1	0	1	0
      413	2017-02-24 14:50:28	1	0	1	0
      414	2017-02-24 15:00:34	1	1	1	0
      415	2017-02-24 15:01:38	1	1	1	0
      405	2017-02-24 15:05:46	1	1	1	0
      405	2017-02-24 15:05:48	1	1	1	0
      400	2017-02-24 15:06:21	1	1	1	0
      416	2017-02-24 15:23:15	1	0	1	0
      412	2017-02-24 17:14:43	1	0	1	0
      412	2017-02-24 17:14:44	1	0	1	0
      412	2017-02-24 17:14:46	1	0	1	0
      409	2017-02-24 17:53:54	1	0	1	0
      413	2017-02-24 19:11:09	1	1	1	0
      416	2017-02-24 19:42:04	1	1	1	0
      410	2017-02-24 19:45:05	1	1	1	0
      411	2017-02-24 19:47:12	1	0	1	0
      411	2017-02-24 19:47:24	1	1	1	0
      409	2017-02-24 22:08:49	1	1	1	0
      412	2017-02-24 22:09:43	1	1	1	0
      412	2017-02-24 22:09:47	1	1	1	0
      404	2017-02-24 22:10:02	1	1	1	0
      402	2017-02-24 22:25:01	1	1	1	0
      402	2017-02-24 22:25:02	1	1	1	0
      402	2017-02-24 22:25:04	1	1	1	0
      400	2017-02-25 07:06:40	1	0	1	0
      400	2017-02-25 07:06:41	1	0	1	0
      406	2017-02-25 08:46:49	1	0	1	0
      406	2017-02-25 08:46:53	1	0	1	0
      405	2017-02-25 09:58:17	1	0	1	0
      405	2017-02-25 09:58:18	1	0	1	0
      414	2017-02-25 10:32:24	1	0	1	0
      415	2017-02-25 10:51:35	1	0	1	0
      411	2017-02-25 14:40:16	1	0	1	0
      402	2017-02-25 14:59:54	1	0	1	0
      402	2017-02-25 14:59:55	1	0	1	0
      415	2017-02-25 15:02:11	1	1	1	0
      414	2017-02-25 15:02:24	1	1	1	0
      400	2017-02-25 15:06:04	1	1	1	0
      405	2017-02-25 15:06:09	1	1	1	0
      405	2017-02-25 15:06:11	1	1	1	0
      406	2017-02-25 15:20:03	1	1	1	0
      406	2017-02-25 15:20:05	1	1	1	0
      416	2017-02-25 15:33:26	1	0	1	0
      412	2017-02-25 17:05:11	1	0	1	0
      412	2017-02-25 17:05:12	1	0	1	0
      412	2017-02-25 17:05:13	1	0	1	0
      412	2017-02-25 17:05:14	1	0	1	0
      409	2017-02-25 17:49:10	1	0	1	0
      410	2017-02-25 17:52:21	1	0	1	0
      404	2017-02-25 18:14:34	1	0	1	0
      411	2017-02-25 19:29:50	1	1	1	0
      416	2017-02-25 19:31:19	1	1	1	0
      416	2017-02-25 19:31:21	1	1	1	0
      412	2017-02-25 22:36:45	1	1	1	0
      412	2017-02-25 22:36:47	1	1	1	0
      412	2017-02-25 22:36:48	1	1	1	0
      410	2017-02-25 22:38:26	1	1	1	0
      404	2017-02-25 22:40:42	1	0	1	0
      409	2017-02-25 22:42:26	1	1	1	0
      404	2017-02-25 22:44:16	1	1	1	0
      402	2017-02-25 22:55:23	1	1	1	0
      402	2017-02-25 22:55:24	1	1	1	0
      414	2017-02-26 06:56:44	1	0	1	0
      400	2017-02-26 07:03:44	1	0	1	0
      406	2017-02-26 07:05:44	1	0	1	0
      415	2017-02-26 10:36:13	1	0	1	0
      402	2017-02-26 14:26:23	1	0	1	0
      402	2017-02-26 14:26:25	1	0	1	0
      412	2017-02-26 14:46:59	1	0	1	0
      412	2017-02-26 14:47:01	1	0	1	0
      404	2017-02-26 14:50:11	1	0	1	0
      413	2017-02-26 14:54:22	1	0	1	0
      415	2017-02-26 15:03:13	1	1	1	0
      414	2017-02-26 15:03:37	1	1	1	0
      400	2017-02-26 15:05:53	1	1	1	0
      400	2017-02-26 15:05:57	1	1	1	0
      406	2017-02-26 15:06:41	1	1	1	0
      406	2017-02-26 15:06:43	1	1	1	0
      409	2017-02-26 17:35:57	1	0	1	0
      410	2017-02-26 17:43:57	1	0	1	0
      411	2017-02-26 17:44:00	1	0	1	0
      413	2017-02-26 19:16:14	1	0	1	0
      404	2017-02-26 22:44:45	1	1	1	0
      412	2017-02-26 22:45:19	1	0	1	0
      412	2017-02-26 22:45:21	1	0	1	0
      412	2017-02-26 22:45:26	1	0	1	0
      412	2017-02-26 22:45:28	1	0	1	0
      412	2017-02-26 22:45:30	1	0	1	0
      410	2017-02-26 22:46:38	1	1	1	0
      411	2017-02-26 22:46:41	1	1	1	0
      409	2017-02-26 22:47:04	1	1	1	0
      402	2017-02-26 22:56:02	1	1	1	0
      402	2017-02-26 22:56:03	1	1	1	0
      405	2017-02-27 07:05:55	1	0	1	0
      405	2017-02-27 07:05:57	1	0	1	0
      405	2017-02-27 07:05:58	1	0	1	0
      414	2017-02-27 07:06:03	1	0	1	0
      400	2017-02-27 07:07:08	1	0	1	0
      406	2017-02-27 07:12:07	1	0	1	0
      406	2017-02-27 07:12:11	1	0	1	0
      415	2017-02-27 10:44:29	1	0	1	0
      410	2017-02-27 14:14:22	1	0	1	0
      411	2017-02-27 14:14:24	1	0	1	0
      404	2017-02-27 14:42:02	1	0	1	0
      412	2017-02-27 14:52:15	1	0	1	0
      412	2017-02-27 14:52:17	1	0	1	0
      412	2017-02-27 14:52:18	1	0	1	0
      413	2017-02-27 14:52:27	1	0	1	0
      406	2017-02-27 15:02:17	1	0	1	0
      406	2017-02-27 15:02:19	1	0	1	0
      400	2017-02-27 15:03:00	1	0	1	0
      400	2017-02-27 15:03:07	1	1	1	0
      406	2017-02-27 15:03:11	1	1	1	0
      406	2017-02-27 15:03:13	1	1	1	0
      415	2017-02-27 15:03:41	1	1	1	0
      405	2017-02-27 15:27:22	1	1	1	0
      405	2017-02-27 15:27:30	1	1	1	0
      414	2017-02-27 15:36:40	1	1	1	0
      402	2017-02-27 16:49:08	1	0	1	0
      402	2017-02-27 16:49:10	1	0	1	0
      409	2017-02-27 17:12:20	1	0	1	0
      416	2017-02-27 17:55:05	1	0	1	0
      416	2017-02-27 22:12:46	1	1	1	0
      413	2017-02-27 22:15:32	1	1	1	0
      412	2017-02-27 22:18:44	1	1	1	0
      412	2017-02-27 22:18:46	1	1	1	0
      412	2017-02-27 22:18:47	1	1	1	0
      404	2017-02-27 22:22:39	1	1	1	0
      411	2017-02-27 22:27:06	1	1	1	0
      410	2017-02-27 22:27:15	1	1	1	0
      409	2017-02-27 22:29:21	1	1	1	0
      402	2017-02-27 22:29:55	1	0	1	0
      402	2017-02-27 22:30:00	1	0	1	0
      402	2017-02-27 22:30:04	1	0	1	0
      414	2017-02-28 06:57:42	1	0	1	0
      405	2017-02-28 07:03:58	1	0	1	0
      405	2017-02-28 07:04:00	1	0	1	0
      400	2017-02-28 07:08:56	1	0	1	0
      400	2017-02-28 07:08:58	1	0	1	0
      406	2017-02-28 07:09:33	1	0	1	0
      415	2017-02-28 10:51:22	1	0	1	0
      402	2017-02-28 14:20:34	1	0	1	0
      402	2017-02-28 14:20:36	1	0	1	0
      413	2017-02-28 14:44:38	1	0	1	0
      412	2017-02-28 14:50:42	1	0	1	0
      412	2017-02-28 14:50:44	1	0	1	0
      410	2017-02-28 14:52:51	1	0	1	0
      409	2017-02-28 14:52:56	1	0	1	0
      404	2017-02-28 14:56:35	1	0	1	0
      406	2017-02-28 15:02:38	1	1	1	0
      406	2017-02-28 15:02:41	1	1	1	0
      400	2017-02-28 15:05:48	1	1	1	0
      415	2017-02-28 15:05:57	1	1	1	0
      414	2017-02-28 15:06:11	1	1	1	0
      405	2017-02-28 15:31:06	1	1	1	0
      405	2017-02-28 15:31:08	1	1	1	0
      411	2017-02-28 17:50:24	1	0	1	0
      416	2017-02-28 17:53:51	1	0	1	0
      413	2017-02-28 18:08:33	1	1	1	0
      416	2017-02-28 22:11:33	1	1	1	0
      412	2017-02-28 22:11:49	1	1	1	0
      412	2017-02-28 22:11:51	1	1	1	0
      412	2017-02-28 22:11:52	1	1	1	0
      404	2017-02-28 22:13:07	1	1	1	0
      411	2017-02-28 22:19:03	1	1	1	0
      410	2017-02-28 22:19:27	1	1	1	0
      402	2017-02-28 22:30:28	1	1	1	0
      402	2017-02-28 22:30:30	1	1	1	0
      409	2017-02-28 22:38:21	1	1	1	0
      402	2017-02-28 22:39:25	1	1	1	0
      402	2017-02-28 22:39:26	1	1	1	0
      406	2017-03-01 07:47:36	1	0	1	0
      405	2017-03-01 07:47:39	1	0	1	0
      405	2017-03-01 07:47:41	1	0	1	0
      405	2017-03-01 07:47:42	1	0	1	0
      400	2017-03-01 07:47:45	1	0	1	0
      400	2017-03-01 07:47:47	1	0	1	0
      414	2017-03-01 07:47:51	1	0	1	0
      415	2017-03-01 10:49:08	1	0	1	0
      412	2017-03-01 14:20:37	1	1	1	0
      412	2017-03-01 14:20:39	1	1	1	0
      402	2017-03-01 14:24:06	1	0	1	0
      402	2017-03-01 14:24:08	1	0	1	0
      414	2017-03-01 15:00:53	1	0	1	0
      406	2017-03-01 15:02:24	1	0	1	0
      406	2017-03-01 15:06:07	1	1	1	0
      405	2017-03-01 15:07:35	1	1	1	0
      405	2017-03-01 15:07:37	1	1	1	0
      415	2017-03-01 15:19:03	1	0	1	0
      404	2017-03-01 15:39:55	1	0	1	0
      400	2017-03-01 15:50:59	1	1	1	0
      400	2017-03-01 15:51:01	1	1	1	0
      409	2017-03-01 17:49:20	1	0	1	0
      416	2017-03-01 17:55:14	1	0	1	0
      416	2017-03-01 22:17:24	1	1	1	0
      404	2017-03-01 22:20:26	1	1	1	0
      409	2017-03-01 22:27:08	1	1	1	0
      412	2017-03-01 22:28:41	1	1	1	0
      412	2017-03-01 22:28:42	1	1	1	0
      402	2017-03-01 22:29:48	1	1	1	0
      402	2017-03-01 22:29:51	1	1	1	0
      402	2017-03-01 22:30:02	1	1	1	0
      406	2017-03-02 07:15:34	1	0	1	0
      405	2017-03-02 07:15:38	1	0	1	0
      405	2017-03-02 07:15:40	1	0	1	0
      414	2017-03-02 07:15:44	1	0	1	0
      415	2017-03-02 10:55:53	1	0	1	0
      411	2017-03-02 14:34:44	1	0	1	0
      410	2017-03-02 14:34:50	1	0	1	0
      413	2017-03-02 14:47:34	1	0	1	0
      412	2017-03-02 15:02:15	1	0	1	0
      412	2017-03-02 15:02:22	1	0	1	0
      412	2017-03-02 15:02:25	1	0	1	0
      414	2017-03-02 15:05:30	1	0	1	0
      409	2017-03-02 15:10:57	1	0	1	0
      415	2017-03-02 15:14:49	1	1	1	0
      405	2017-03-02 15:16:59	1	1	1	0
      405	2017-03-02 15:17:01	1	1	1	0
      406	2017-03-02 15:32:12	1	1	1	0
      416	2017-03-02 17:52:08	1	0	1	0
      404	2017-03-02 18:12:36	1	0	1	0
      413	2017-03-02 22:08:20	1	1	1	0
      412	2017-03-02 22:12:59	1	1	1	0
      412	2017-03-02 22:13:00	1	1	1	0
      412	2017-03-02 22:13:02	1	1	1	0
      416	2017-03-02 22:13:08	1	1	1	0
      410	2017-03-02 22:27:33	1	1	1	0
      409	2017-03-02 22:27:36	1	1	1	0
      411	2017-03-02 22:27:38	1	1	1	0
      404	2017-03-02 22:28:17	1	1	1	0
      414	2017-03-03 06:58:40	1	0	1	0
      400	2017-03-03 07:07:24	1	0	1	0
      400	2017-03-03 07:07:26	1	0	1	0
      405	2017-03-03 07:10:08	1	0	1	0
      405	2017-03-03 07:10:14	1	0	1	0
      415	2017-03-03 10:59:00	1	0	1	0
      402	2017-03-03 14:24:10	1	0	1	0
      402	2017-03-03 14:24:12	1	0	1	0
      413	2017-03-03 14:49:36	1	0	1	0
      410	2017-03-03 14:50:44	1	0	1	0
      411	2017-03-03 14:50:53	1	0	1	0
      409	2017-03-03 14:57:15	1	0	1	0
      415	2017-03-03 15:17:16	1	1	1	0
      400	2017-03-03 15:17:22	1	1	1	0
      414	2017-03-03 15:17:44	1	1	1	0
      405	2017-03-03 15:30:34	1	1	1	0
      405	2017-03-03 15:30:36	1	1	1	0
      404	2017-03-03 15:57:01	1	0	1	0
      416	2017-03-03 17:54:54	1	0	1	0
      416	2017-03-03 22:15:41	1	1	1	0
      413	2017-03-03 22:18:19	1	1	1	0
      410	2017-03-03 22:22:23	1	1	1	0
      409	2017-03-03 22:23:29	1	1	1	0
      411	2017-03-03 22:23:31	1	1	1	0
      402	2017-03-03 22:24:58	1	1	1	0
      402	2017-03-03 22:24:59	1	1	1	0
      404	2017-03-03 22:26:26	1	1	1	0
      414	2017-03-04 06:59:14	1	0	1	0
      406	2017-03-04 07:05:00	1	0	1	0
      400	2017-03-04 07:07:41	1	0	1	0
      400	2017-03-04 07:07:43	1	0	1	0
      415	2017-03-04 07:23:53	1	0	1	0
      405	2017-03-04 10:10:15	1	0	1	0
      405	2017-03-04 10:10:17	1	0	1	0
      402	2017-03-04 14:14:53	1	0	1	0
      402	2017-03-04 14:14:55	1	0	1	0
      411	2017-03-04 14:44:06	1	0	1	0
      413	2017-03-04 14:49:46	1	0	1	0
      409	2017-03-04 14:57:52	1	0	1	0
      415	2017-03-04 15:04:47	1	1	1	0
      405	2017-03-04 15:14:19	1	1	1	0
      405	2017-03-04 15:14:24	1	1	1	0
      406	2017-03-04 15:18:57	1	1	1	0
      400	2017-03-04 15:22:08	1	1	1	0
      400	2017-03-04 15:22:10	1	1	1	0
      414	2017-03-04 15:23:20	1	1	1	0
      410	2017-03-04 17:57:47	1	0	1	0
      413	2017-03-04 22:32:31	1	1	1	0
      410	2017-03-04 22:43:38	1	1	1	0
      411	2017-03-04 22:43:41	1	1	1	0
      402	2017-03-04 22:57:26	1	1	1	0
      402	2017-03-04 22:57:27	1	1	1	0
      409	2017-03-04 23:06:34	1	1	1	0
      409	2017-03-04 23:07:41	1	1	1	0
      414	2017-03-05 06:54:14	1	0	1	0
      406	2017-03-05 07:03:05	1	0	1	0
      400	2017-03-05 07:08:28	1	0	1	0
      400	2017-03-05 07:08:30	1	0	1	0
      415	2017-03-05 07:24:17	1	0	1	0
      415	2017-03-05 12:33:04	1	1	1	0
      404	2017-03-05 14:27:10	1	0	1	0
      413	2017-03-05 14:42:59	1	0	1	0
      411	2017-03-05 14:51:09	1	0	1	0
      410	2017-03-05 14:51:15	1	0	1	0
      409	2017-03-05 14:55:27	1	0	1	0
      414	2017-03-05 15:02:28	1	1	1	0
      406	2017-03-05 15:02:32	1	1	1	0
      400	2017-03-05 15:23:44	1	1	1	0
      402	2017-03-05 16:40:15	1	0	1	0
      402	2017-03-05 16:40:16	1	0	1	0
      416	2017-03-05 17:58:35	1	0	1	0
      413	2017-03-05 22:40:51	1	1	1	0
      410	2017-03-05 22:41:32	1	1	1	0
      416	2017-03-05 22:45:08	1	1	1	0
      409	2017-03-05 23:04:16	1	1	1	0
      402	2017-03-05 23:07:44	1	1	1	0
      402	2017-03-05 23:07:45	1	1	1	0
      404	2017-03-05 23:13:52	1	1	1	0
      411	2017-03-05 23:14:31	1	1	1	0
      414	2017-03-06 06:56:22	1	0	1	0
      406	2017-03-06 07:06:17	1	0	1	0
      406	2017-03-06 07:06:20	1	0	1	0
      405	2017-03-06 07:06:24	1	0	1	0
      405	2017-03-06 07:06:26	1	0	1	0
      400	2017-03-06 07:08:25	1	0	1	0
      400	2017-03-06 07:08:27	1	0	1	0
      400	2017-03-06 07:08:29	1	0	1	0
      415	2017-03-06 07:26:28	1	0	1	0
      413	2017-03-06 14:44:58	1	0	1	0
      410	2017-03-06 14:58:31	1	0	1	0
      411	2017-03-06 14:58:33	1	0	1	0
      411	2017-03-06 14:58:35	1	0	1	0
      406	2017-03-06 15:00:25	1	1	1	0
      409	2017-03-06 15:12:53	1	0	1	0
      409	2017-03-06 15:16:01	1	0	1	0
      405	2017-03-06 15:17:52	1	1	1	0
      405	2017-03-06 15:17:54	1	1	1	0
      400	2017-03-06 15:17:58	1	1	1	0
      400	2017-03-06 15:17:59	1	1	1	0
      400	2017-03-06 15:18:00	1	1	1	0
      414	2017-03-06 15:30:09	1	1	1	0
      415	2017-03-06 15:31:13	1	1	1	0
      402	2017-03-06 16:19:57	1	0	1	0
      402	2017-03-06 16:19:58	1	0	1	0
      416	2017-03-06 16:56:52	1	0	1	0
      413	2017-03-06 22:13:52	1	1	1	0
      416	2017-03-06 22:16:19	1	1	1	0
      410	2017-03-06 22:16:28	1	1	1	0
      411	2017-03-06 22:16:32	1	1	1	0
      411	2017-03-06 22:16:33	1	1	1	0
      409	2017-03-06 22:16:43	1	1	1	0
      402	2017-03-06 22:28:52	1	1	1	0
      402	2017-03-06 22:28:53	1	1	1	0
      414	2017-03-07 06:55:31	1	0	1	0
      406	2017-03-07 07:04:35	1	0	1	0
      406	2017-03-07 07:04:37	1	0	1	0
      405	2017-03-07 07:09:04	1	0	1	0
      405	2017-03-07 07:09:06	1	0	1	0
      400	2017-03-07 07:09:52	1	0	1	0
      400	2017-03-07 07:09:54	1	0	1	0
      415	2017-03-07 07:14:29	1	0	1	0
      402	2017-03-07 14:23:38	1	0	1	0
      402	2017-03-07 14:23:39	1	0	1	0
      413	2017-03-07 14:42:06	1	0	1	0
      404	2017-03-07 14:45:49	1	0	1	0
      414	2017-03-07 15:00:45	1	1	1	0
      410	2017-03-07 15:00:59	1	0	1	0
      416	2017-03-07 15:07:43	1	1	1	0
      416	2017-03-07 15:07:45	1	1	1	0
      415	2017-03-07 15:16:05	1	1	1	0
      405	2017-03-07 15:16:42	1	1	1	0
      405	2017-03-07 15:16:43	1	1	1	0
      400	2017-03-07 15:17:47	1	1	1	0
      406	2017-03-07 15:51:14	1	1	1	0
      411	2017-03-07 17:55:27	1	0	1	0
      404	2017-03-07 22:22:58	1	1	1	0
      413	2017-03-07 22:23:03	1	1	1	0
      410	2017-03-07 22:23:15	1	1	1	0
      411	2017-03-07 22:23:17	1	1	1	0
      402	2017-03-07 22:23:20	1	1	1	0
      402	2017-03-07 22:23:21	1	1	1	0
      416	2017-03-07 22:26:18	1	1	1	0
      416	2017-03-07 22:26:19	1	1	1	0
      414	2017-03-08 07:01:25	1	0	1	0
      406	2017-03-08 07:04:49	1	0	1	0
      406	2017-03-08 07:04:51	1	0	1	0
      415	2017-03-08 07:12:03	1	0	1	0
      400	2017-03-08 07:14:59	1	0	1	0
      400	2017-03-08 07:15:00	1	0	1	0
      405	2017-03-08 10:23:26	1	0	1	0
      405	2017-03-08 10:23:28	1	0	1	0
      410	2017-03-08 14:53:43	1	0	1	0
      410	2017-03-08 14:53:49	1	0	1	0
      404	2017-03-08 14:57:05	1	0	1	0
      413	2017-03-08 14:58:15	1	0	1	0
      405	2017-03-08 15:04:56	1	1	1	0
      405	2017-03-08 15:04:57	1	1	1	0
      414	2017-03-08 15:06:17	1	1	1	0
      400	2017-03-08 15:08:59	1	1	1	0
      400	2017-03-08 15:09:01	1	1	1	0
      406	2017-03-08 15:09:26	1	1	1	0
      406	2017-03-08 15:09:30	1	1	1	0
      415	2017-03-08 15:16:11	1	1	1	0
      416	2017-03-08 17:00:20	1	0	1	0
      409	2017-03-08 17:37:13	1	0	1	0
      411	2017-03-08 17:45:38	1	0	1	0
      402	2017-03-08 18:19:34	1	0	1	0
      402	2017-03-08 18:19:36	1	0	1	0
      416	2017-03-08 22:44:12	1	1	1	0
      413	2017-03-08 22:45:04	1	1	1	0
      404	2017-03-08 22:45:11	1	1	1	0
      410	2017-03-08 22:46:26	1	1	1	0
      411	2017-03-08 22:46:29	1	1	1	0
      409	2017-03-08 22:48:09	1	1	1	0
      409	2017-03-08 22:48:12	1	1	1	0
      402	2017-03-08 23:00:49	1	1	1	0
      402	2017-03-08 23:00:50	1	1	1	0
      414	2017-03-09 07:07:31	1	0	1	0
      406	2017-03-09 07:07:34	1	0	1	0
      406	2017-03-09 07:07:35	1	0	1	0
      406	2017-03-09 07:07:37	1	0	1	0
      405	2017-03-09 07:09:00	1	0	1	0
      405	2017-03-09 07:09:05	1	0	1	0
      400	2017-03-09 07:11:05	1	0	1	0
      400	2017-03-09 07:11:07	1	0	1	0
      415	2017-03-09 08:58:01	1	0	1	0
      413	2017-03-09 14:53:32	1	0	1	0
      410	2017-03-09 15:00:38	1	0	1	0
      411	2017-03-09 15:00:40	1	0	1	0
      416	2017-03-09 15:02:40	1	0	1	0
      414	2017-03-09 15:04:53	1	1	1	0
      409	2017-03-09 15:06:51	1	0	1	0
      409	2017-03-09 15:06:53	1	0	1	0
      400	2017-03-09 15:11:13	1	1	1	0
      400	2017-03-09 15:11:15	1	1	1	0
      406	2017-03-09 15:36:09	1	1	1	0
      406	2017-03-09 15:36:11	1	1	1	0
      415	2017-03-09 15:36:30	1	1	1	0
      405	2017-03-09 15:37:31	1	0	1	0
      405	2017-03-09 15:37:32	1	0	1	0
      405	2017-03-09 15:37:38	1	1	1	0
      405	2017-03-09 15:37:40	1	1	1	0
      404	2017-03-09 18:51:37	1	0	1	0
      413	2017-03-09 22:14:19	1	1	1	0
      409	2017-03-09 22:22:12	1	1	1	0
      409	2017-03-09 22:22:14	1	1	1	0
      416	2017-03-09 22:24:54	1	1	1	0
      410	2017-03-09 22:26:36	1	1	1	0
      411	2017-03-09 22:26:39	1	1	1	0
      404	2017-03-09 22:29:23	1	1	1	0
      414	2017-03-10 06:57:19	1	0	1	0
      400	2017-03-10 07:07:20	1	0	1	0
      400	2017-03-10 07:07:22	1	0	1	0
      405	2017-03-10 07:08:53	1	0	1	0
      405	2017-03-10 07:09:19	1	0	1	0
      415	2017-03-10 07:14:33	1	0	1	0
      404	2017-03-10 14:50:52	1	0	1	0
      410	2017-03-10 14:55:33	1	0	1	0
      405	2017-03-10 15:09:53	1	1	1	0
      405	2017-03-10 15:09:55	1	1	1	0
      400	2017-03-10 15:39:33	1	1	1	0
      414	2017-03-10 15:45:16	1	1	1	0
      415	2017-03-10 15:46:09	1	1	1	0
      409	2017-03-10 16:31:33	1	0	1	0
      409	2017-03-10 16:31:35	1	0	1	0
      416	2017-03-10 16:43:56	1	0	1	0
      411	2017-03-10 17:56:19	1	0	1	0
      410	2017-03-10 22:19:49	1	1	1	0
      411	2017-03-10 22:19:53	1	1	1	0
      404	2017-03-10 22:28:06	1	1	1	0
      416	2017-03-10 22:28:24	1	1	1	0
      409	2017-03-10 22:30:03	1	0	1	0
      409	2017-03-10 22:30:05	1	0	1	0
      414	2017-03-11 06:50:02	1	0	1	0
      406	2017-03-11 07:03:04	1	0	1	0
      406	2017-03-11 07:03:09	1	0	1	0
      405	2017-03-11 07:09:39	1	0	1	0
      405	2017-03-11 07:09:54	1	0	1	0
      415	2017-03-11 07:10:56	1	0	1	0
      400	2017-03-11 07:13:36	1	0	1	0
      413	2017-03-11 14:47:39	1	0	1	0
      409	2017-03-11 15:03:26	1	0	1	0
      414	2017-03-11 15:04:16	1	1	1	0
      406	2017-03-11 15:04:54	1	1	1	0
      406	2017-03-11 15:05:00	1	1	1	0
      415	2017-03-11 15:09:43	1	0	1	0
      415	2017-03-11 15:10:14	1	1	1	0
      405	2017-03-11 15:10:19	1	1	1	0
      405	2017-03-11 15:10:21	1	1	1	0
      400	2017-03-11 15:15:23	1	1	1	0
      402	2017-03-11 15:57:47	1	0	1	0
      402	2017-03-11 15:57:49	1	0	1	0
      410	2017-03-11 17:59:00	1	0	1	0
      411	2017-03-11 17:59:03	1	0	1	0
      413	2017-03-11 22:39:44	1	1	1	0
      410	2017-03-11 22:48:58	1	1	1	0
      411	2017-03-11 22:49:04	1	1	1	0
      409	2017-03-11 23:07:27	1	1	1	0
      409	2017-03-11 23:07:30	1	1	1	0
      402	2017-03-11 23:08:01	1	1	1	0
      402	2017-03-11 23:08:03	1	1	1	0
      414	2017-03-12 06:51:30	1	0	1	0
      406	2017-03-12 07:00:16	1	0	1	0
      406	2017-03-12 07:00:18	1	0	1	0
      402	2017-03-12 14:13:44	1	0	1	0
      402	2017-03-12 14:13:46	1	0	1	0
      411	2017-03-12 14:53:31	1	0	1	0
      410	2017-03-12 14:53:36	1	0	1	0
      413	2017-03-12 14:53:56	1	0	1	0
      416	2017-03-12 14:57:30	1	0	1	0
      404	2017-03-12 14:58:53	1	0	1	0
      406	2017-03-12 15:01:16	1	1	1	0
      406	2017-03-12 15:01:18	1	1	1	0
      409	2017-03-12 15:07:47	1	0	1	0
      409	2017-03-12 15:07:49	1	0	1	0
      414	2017-03-12 15:23:41	1	1	1	0
      413	2017-03-12 22:35:40	1	1	1	0
      416	2017-03-12 22:37:03	1	1	1	0
      410	2017-03-12 22:44:10	1	1	1	0
      411	2017-03-12 22:44:27	1	1	1	0
      404	2017-03-12 22:48:09	1	1	1	0
      409	2017-03-12 22:50:34	1	1	1	0
      409	2017-03-12 22:50:36	1	1	1	0
      402	2017-03-12 23:10:01	1	1	1	0
      402	2017-03-12 23:10:04	1	1	1	0
      406	2017-03-13 07:07:09	1	0	1	0
      406	2017-03-13 07:07:11	1	0	1	0
      415	2017-03-13 07:10:56	1	0	1	0
      400	2017-03-13 07:14:09	1	0	1	0
      400	2017-03-13 07:14:10	1	0	1	0
      400	2017-03-13 07:14:11	1	0	1	0
      414	2017-03-13 07:23:05	1	0	1	0
      405	2017-03-13 10:10:29	1	0	1	0
      405	2017-03-13 10:10:31	1	0	1	0
      406	2017-03-13 13:02:20	1	1	1	0
      406	2017-03-13 13:02:21	1	1	1	0
      404	2017-03-13 14:27:28	1	0	1	0
      410	2017-03-13 14:48:51	1	0	1	0
      410	2017-03-13 14:49:03	1	0	1	0
      411	2017-03-13 14:52:49	1	0	1	0
      405	2017-03-13 15:09:50	1	1	1	0
      405	2017-03-13 15:09:52	1	1	1	0
      415	2017-03-13 15:23:29	1	1	1	0
      414	2017-03-13 15:26:08	1	1	1	0
      400	2017-03-13 15:37:54	1	1	1	0
      400	2017-03-13 15:37:56	1	1	1	0
      402	2017-03-13 16:15:49	1	0	1	0
      402	2017-03-13 16:15:50	1	0	1	0
      413	2017-03-13 16:23:52	1	0	1	0
      416	2017-03-13 16:32:42	1	0	1	0
      409	2017-03-13 17:54:34	1	0	1	0
      409	2017-03-13 17:54:36	1	0	1	0
      416	2017-03-13 22:20:24	1	1	1	0
      409	2017-03-13 22:21:43	1	1	1	0
      409	2017-03-13 22:21:45	1	1	1	0
      413	2017-03-13 22:21:52	1	1	1	0
      410	2017-03-13 22:33:30	1	1	1	0
      411	2017-03-13 22:34:44	1	0	1	0
      404	2017-03-13 22:37:31	1	1	1	0
      402	2017-03-13 22:47:00	1	1	1	0
      402	2017-03-13 22:47:01	1	1	1	0
      414	2017-03-14 06:49:00	1	0	1	0
      406	2017-03-14 07:07:16	1	0	1	0
      406	2017-03-14 07:07:18	1	0	1	0
      406	2017-03-14 07:07:19	1	0	1	0
      415	2017-03-14 07:12:33	1	0	1	0
      405	2017-03-14 07:15:49	1	0	1	0
      405	2017-03-14 07:15:51	1	0	1	0
      400	2017-03-14 07:17:24	1	0	1	0
      400	2017-03-14 07:17:26	1	0	1	0
      402	2017-03-14 14:15:05	1	0	1	0
      402	2017-03-14 14:15:06	1	0	1	0
      409	2017-03-14 14:29:53	1	0	1	0
      409	2017-03-14 14:29:59	1	0	1	0
      416	2017-03-14 14:43:05	1	0	1	0
      416	2017-03-14 14:43:07	1	0	1	0
      413	2017-03-14 14:56:52	1	0	1	0
      410	2017-03-14 14:57:05	1	0	1	0
      404	2017-03-14 14:59:24	1	0	1	0
      414	2017-03-14 15:09:11	1	1	1	0
      406	2017-03-14 15:19:35	1	1	1	0
      406	2017-03-14 15:19:37	1	1	1	0
      415	2017-03-14 15:22:29	1	1	1	0
      405	2017-03-14 15:41:52	1	1	1	0
      405	2017-03-14 15:41:54	1	1	1	0
      400	2017-03-14 15:42:02	1	1	1	0
      400	2017-03-14 15:42:04	1	1	1	0
      411	2017-03-14 17:56:02	1	0	1	0
      404	2017-03-14 22:04:50	1	1	1	0
      410	2017-03-14 22:15:43	1	1	1	0
      411	2017-03-14 22:15:58	1	1	1	0
      413	2017-03-14 22:19:25	1	1	1	0
      402	2017-03-14 22:20:59	1	1	1	0
      402	2017-03-14 22:21:00	1	1	1	0
      409	2017-03-14 22:24:18	1	0	1	0
      409	2017-03-14 22:24:19	1	0	1	0
      416	2017-03-14 22:25:09	1	1	1	0
      414	2017-03-15 06:59:03	1	0	1	0
      400	2017-03-15 06:59:24	1	0	1	0
      400	2017-03-15 06:59:25	1	0	1	0
      406	2017-03-15 07:07:44	1	0	1	0
      406	2017-03-15 07:07:45	1	0	1	0
      405	2017-03-15 07:11:40	1	0	1	0
      405	2017-03-15 07:11:42	1	0	1	0
      415	2017-03-15 07:53:52	1	1	1	0
      415	2017-03-15 07:53:59	1	0	1	0
      415	2017-03-15 07:54:22	1	0	1	0
      404	2017-03-15 14:33:14	1	0	1	0
      413	2017-03-15 14:48:45	1	0	1	0
      415	2017-03-15 15:07:34	1	1	1	0
      415	2017-03-15 15:07:38	1	1	1	0
      414	2017-03-15 15:08:45	1	1	1	0
      400	2017-03-15 15:26:34	1	1	1	0
      400	2017-03-15 15:26:35	1	1	1	0
      406	2017-03-15 15:26:38	1	1	1	0
      406	2017-03-15 15:26:40	1	1	1	0
      405	2017-03-15 15:42:36	1	1	1	0
      405	2017-03-15 15:42:40	1	1	1	0
      410	2017-03-15 15:51:15	1	0	1	0
      416	2017-03-15 16:50:49	1	0	1	0
      409	2017-03-15 17:53:16	1	0	1	0
      409	2017-03-15 17:53:18	1	0	1	0
      411	2017-03-15 17:58:51	1	0	1	0
      402	2017-03-15 18:02:05	1	0	1	0
      402	2017-03-15 18:02:06	1	0	1	0
      413	2017-03-15 22:11:48	1	1	1	0
      409	2017-03-15 22:12:49	1	1	1	0
      409	2017-03-15 22:12:50	1	1	1	0
      416	2017-03-15 22:14:46	1	1	1	0
      410	2017-03-15 22:16:35	1	1	1	0
      411	2017-03-15 22:17:05	1	1	1	0
      404	2017-03-15 22:19:23	1	1	1	0
      402	2017-03-15 22:23:41	1	1	1	0
      402	2017-03-15 22:23:42	1	1	1	0
      414	2017-03-16 06:59:39	1	0	1	0
      400	2017-03-16 06:59:41	1	0	1	0
      400	2017-03-16 06:59:43	1	0	1	0
      406	2017-03-16 07:02:01	1	0	1	0
      406	2017-03-16 07:02:03	1	0	1	0
      417	2017-03-16 07:03:06	1	0	1	0
      405	2017-03-16 07:08:28	1	0	1	0
      405	2017-03-16 07:08:30	1	0	1	0
      415	2017-03-16 07:13:10	1	0	1	0
      415	2017-03-16 07:13:15	1	0	1	0
      418	2017-03-16 10:41:01	1	0	1	0
      417	2017-03-16 11:13:42	1	1	1	0
      409	2017-03-16 14:48:36	1	0	1	0
      409	2017-03-16 14:48:38	1	0	1	0
      411	2017-03-16 14:51:12	1	0	1	0
      410	2017-03-16 14:51:28	1	0	1	0
      418	2017-03-16 15:04:16	1	1	1	0
      415	2017-03-16 15:14:16	1	1	1	0
      415	2017-03-16 15:14:20	1	1	1	0
      414	2017-03-16 15:18:13	1	1	1	0
      406	2017-03-16 15:19:47	1	1	1	0
      406	2017-03-16 15:19:48	1	1	1	0
      413	2017-03-16 15:30:29	1	0	1	0
      400	2017-03-16 15:39:38	1	1	1	0
      404	2017-03-16 18:04:13	1	0	1	0
      413	2017-03-16 22:06:48	1	1	1	0
      409	2017-03-16 22:11:44	1	1	1	0
      409	2017-03-16 22:11:46	1	1	1	0
      404	2017-03-16 22:21:43	1	1	1	0
      410	2017-03-16 22:22:09	1	1	1	0
      411	2017-03-16 22:22:12	1	1	1	0
      400	2017-03-17 06:48:39	1	0	1	0
      414	2017-03-17 06:48:45	1	0	1	0
      417	2017-03-17 07:01:43	1	0	1	0
      405	2017-03-17 07:11:04	1	0	1	0
      405	2017-03-17 07:11:07	1	0	1	0
      415	2017-03-17 07:26:26	1	0	1	0
      415	2017-03-17 07:26:31	1	0	1	0
      418	2017-03-17 10:50:12	1	0	1	0
      415	2017-03-17 10:53:49	1	1	1	0
      415	2017-03-17 10:53:53	1	1	1	0
      417	2017-03-17 11:07:46	1	1	1	0
      402	2017-03-17 14:34:01	1	0	1	0
      402	2017-03-17 14:34:02	1	0	1	0
      410	2017-03-17 14:50:54	1	0	1	0
      418	2017-03-17 15:00:23	1	1	1	0
      400	2017-03-17 15:07:27	1	1	1	0
      400	2017-03-17 15:07:28	1	1	1	0
      405	2017-03-17 15:14:28	1	1	1	0
      405	2017-03-17 15:14:30	1	1	1	0
      414	2017-03-17 15:15:06	1	1	1	0
      416	2017-03-17 16:56:28	1	0	1	0
      416	2017-03-17 16:56:29	1	0	1	0
      409	2017-03-17 17:00:34	1	0	1	0
      409	2017-03-17 17:00:36	1	0	1	0
      411	2017-03-17 17:54:22	1	0	1	0
      416	2017-03-17 22:22:32	1	1	1	0
      409	2017-03-17 22:24:47	1	1	1	0
      409	2017-03-17 22:24:49	1	1	1	0
      410	2017-03-17 22:25:02	1	1	1	0
      411	2017-03-17 22:25:13	1	1	1	0
      402	2017-03-17 22:32:08	1	1	1	0
      402	2017-03-17 22:32:09	1	1	1	0
      414	2017-03-18 06:53:30	1	0	1	0
      400	2017-03-18 06:53:38	1	0	1	0
      400	2017-03-18 06:53:39	1	0	1	0
      406	2017-03-18 07:06:16	1	0	1	0
      406	2017-03-18 07:06:17	1	0	1	0
      418	2017-03-18 10:56:15	1	0	1	0
      416	2017-03-18 14:57:01	1	0	1	0
      413	2017-03-18 14:58:39	1	0	1	0
      406	2017-03-18 15:03:02	1	1	1	0
      406	2017-03-18 15:03:05	1	1	1	0
      409	2017-03-18 15:10:30	1	0	1	0
      409	2017-03-18 15:10:32	1	0	1	0
      418	2017-03-18 15:12:06	1	1	1	0
      414	2017-03-18 15:18:38	1	1	1	0
      400	2017-03-18 15:23:22	1	1	1	0
      419	2017-03-18 17:30:34	1	0	1	0
      419	2017-03-18 17:30:38	1	0	1	0
      411	2017-03-18 17:54:14	1	0	1	0
      410	2017-03-18 17:54:20	1	0	1	0
      413	2017-03-18 22:42:11	1	1	1	0
      419	2017-03-18 22:42:14	1	1	1	0
      416	2017-03-18 22:42:39	1	1	1	0
      410	2017-03-18 22:42:58	1	1	1	0
      411	2017-03-18 22:43:01	1	1	1	0
      409	2017-03-18 22:43:20	1	0	1	0
      409	2017-03-18 22:43:22	1	0	1	0
      414	2017-03-19 06:37:18	1	0	1	0
      406	2017-03-19 07:05:36	1	0	1	0
      406	2017-03-19 07:05:37	1	0	1	0
      405	2017-03-19 07:11:20	1	0	1	0
      405	2017-03-19 07:11:22	1	0	1	0
      418	2017-03-19 10:40:06	1	0	1	0
      415	2017-03-19 11:03:34	1	0	1	0
      415	2017-03-19 11:03:38	1	0	1	0
      402	2017-03-19 14:17:35	1	0	1	0
      402	2017-03-19 14:17:36	1	0	1	0
      411	2017-03-19 14:46:26	1	0	1	0
      410	2017-03-19 14:46:43	1	0	1	0
      413	2017-03-19 14:46:59	1	0	1	0
      404	2017-03-19 14:50:17	1	0	1	0
      409	2017-03-19 14:54:57	1	0	1	0
      409	2017-03-19 14:54:58	1	0	1	0
      418	2017-03-19 15:03:58	1	1	1	0
      406	2017-03-19 15:04:03	1	1	1	0
      406	2017-03-19 15:04:04	1	1	1	0
      405	2017-03-19 15:04:58	1	1	1	0
      405	2017-03-19 15:05:00	1	1	1	0
      414	2017-03-19 15:05:08	1	1	1	0
      414	2017-03-19 15:05:13	1	1	1	0
      415	2017-03-19 15:06:24	1	1	1	0
      415	2017-03-19 15:06:27	1	1	1	0
      419	2017-03-19 17:24:42	1	0	1	0
      416	2017-03-19 17:29:51	1	0	1	0
      416	2017-03-19 22:39:25	1	1	1	0
      413	2017-03-19 22:39:41	1	1	1	0
      419	2017-03-19 22:39:49	1	1	1	0
      410	2017-03-19 22:42:03	1	1	1	0
      411	2017-03-19 22:42:07	1	1	1	0
      409	2017-03-19 22:47:29	1	0	1	0
      409	2017-03-19 22:47:36	1	1	1	0
      409	2017-03-19 22:47:38	1	1	1	0
      402	2017-03-19 22:47:48	1	1	1	0
      402	2017-03-19 22:47:49	1	1	1	0
      404	2017-03-19 22:47:54	1	1	1	0
      418	2017-03-20 06:59:20	1	0	1	0
      414	2017-03-20 06:59:42	1	0	1	0
      414	2017-03-20 06:59:45	1	0	1	0
      406	2017-03-20 07:05:16	1	0	1	0
      406	2017-03-20 07:05:19	1	0	1	0
      417	2017-03-20 07:12:48	1	0	1	0
      417	2017-03-20 07:12:49	1	0	1	0
      415	2017-03-20 07:16:54	1	0	1	0
      415	2017-03-20 07:16:58	1	0	1	0
      400	2017-03-20 07:35:38	1	0	1	0
      400	2017-03-20 07:35:40	1	0	1	0
      405	2017-03-20 10:18:15	1	0	1	0
      418	2017-03-20 11:01:10	1	1	1	0
      417	2017-03-20 11:06:03	1	1	1	0
      411	2017-03-20 14:38:22	1	0	1	0
      411	2017-03-20 14:38:23	1	0	1	0
      410	2017-03-20 14:38:26	1	0	1	0
      404	2017-03-20 14:56:54	1	0	1	0
      414	2017-03-20 15:05:11	1	1	1	0
      406	2017-03-20 15:06:02	1	1	1	0
      406	2017-03-20 15:06:05	1	1	1	0
      413	2017-03-20 15:08:22	1	0	1	0
      419	2017-03-20 15:08:27	1	0	1	0
      415	2017-03-20 15:19:12	1	1	1	0
      415	2017-03-20 15:19:16	1	1	1	0
      405	2017-03-20 15:23:54	1	1	1	0
      405	2017-03-20 15:23:56	1	1	1	0
      400	2017-03-20 15:54:56	1	1	1	0
      402	2017-03-20 16:17:57	1	0	1	0
      402	2017-03-20 16:17:58	1	0	1	0
      416	2017-03-20 16:38:12	1	0	1	0
      409	2017-03-20 17:27:17	1	0	1	0
      409	2017-03-20 17:27:18	1	0	1	0
      410	2017-03-20 22:15:00	1	1	1	0
      411	2017-03-20 22:15:04	1	1	1	0
      413	2017-03-20 22:15:36	1	1	1	0
      419	2017-03-20 22:15:41	1	1	1	0
      416	2017-03-20 22:16:15	1	0	1	0
      409	2017-03-20 22:18:58	1	1	1	0
      409	2017-03-20 22:19:00	1	1	1	0
      404	2017-03-20 22:29:20	1	1	1	0
      402	2017-03-20 22:30:02	1	1	1	0
      402	2017-03-20 22:30:03	1	1	1	0
      414	2017-03-21 06:24:31	1	0	1	0
      406	2017-03-21 07:02:13	1	0	1	0
      406	2017-03-21 07:02:15	1	0	1	0
      400	2017-03-21 07:11:24	1	0	1	0
      405	2017-03-21 07:12:12	1	0	1	0
      405	2017-03-21 07:12:15	1	0	1	0
      415	2017-03-21 07:24:12	1	0	1	0
      415	2017-03-21 07:24:16	1	0	1	0
      417	2017-03-21 10:36:55	1	0	1	0
      417	2017-03-21 10:36:56	1	0	1	0
      418	2017-03-21 10:55:22	1	0	1	0
      402	2017-03-21 14:24:45	1	0	1	0
      402	2017-03-21 14:24:46	1	0	1	0
      409	2017-03-21 14:44:23	1	0	1	0
      409	2017-03-21 14:44:25	1	0	1	0
      416	2017-03-21 14:49:58	1	0	1	0
      410	2017-03-21 14:50:02	1	0	1	0
      413	2017-03-21 14:57:35	1	0	1	0
      419	2017-03-21 14:57:41	1	0	1	0
      418	2017-03-21 15:00:52	1	0	1	0
      418	2017-03-21 15:00:57	1	1	1	0
      415	2017-03-21 15:01:03	1	1	1	0
      415	2017-03-21 15:01:07	1	1	1	0
      414	2017-03-21 15:01:16	1	1	1	0
      417	2017-03-21 15:01:22	1	1	1	0
      400	2017-03-21 15:11:46	1	1	1	0
      405	2017-03-21 15:24:03	1	1	1	0
      405	2017-03-21 15:24:05	1	1	1	0
      406	2017-03-21 15:32:33	1	1	1	0
      406	2017-03-21 15:32:35	1	1	1	0
      411	2017-03-21 17:59:02	1	0	1	0
      416	2017-03-21 22:20:52	1	0	1	0
      410	2017-03-21 22:33:07	1	1	1	0
      411	2017-03-21 22:33:13	1	1	1	0
      413	2017-03-21 22:35:55	1	1	1	0
      409	2017-03-21 22:35:57	1	1	1	0
      409	2017-03-21 22:35:59	1	1	1	0
      419	2017-03-21 22:36:07	1	1	1	0
      419	2017-03-21 22:36:08	1	1	1	0
      402	2017-03-21 22:36:37	1	0	1	0
      402	2017-03-21 22:36:39	1	0	1	0
      402	2017-03-21 22:36:44	1	1	1	0
      402	2017-03-21 22:36:46	1	1	1	0
      414	2017-03-22 06:45:48	1	0	1	0
      417	2017-03-22 06:59:08	1	0	1	0
      406	2017-03-22 07:06:54	1	0	1	0
      406	2017-03-22 07:06:56	1	0	1	0
      405	2017-03-22 07:09:27	1	0	1	0
      405	2017-03-22 07:09:29	1	0	1	0
      400	2017-03-22 07:15:37	1	0	1	0
      400	2017-03-22 07:15:39	1	0	1	0
      415	2017-03-22 07:17:54	1	0	1	0
      415	2017-03-22 07:17:58	1	0	1	0
      418	2017-03-22 10:44:39	1	0	1	0
      417	2017-03-22 11:08:20	1	1	1	0
      417	2017-03-22 11:08:21	1	1	1	0
      410	2017-03-22 14:38:43	1	0	1	0
      411	2017-03-22 14:38:48	1	0	1	0
      406	2017-03-22 15:03:19	1	1	1	0
      406	2017-03-22 15:03:21	1	1	1	0
      418	2017-03-22 15:03:55	1	1	1	0
      405	2017-03-22 15:07:42	1	1	1	0
      405	2017-03-22 15:07:43	1	1	1	0
      414	2017-03-22 15:08:41	1	1	1	0
      400	2017-03-22 15:12:52	1	1	1	0
      415	2017-03-22 15:17:10	1	1	1	0
      415	2017-03-22 15:17:14	1	1	1	0
      404	2017-03-22 15:24:07	1	0	1	0
      416	2017-03-22 16:46:19	1	0	1	0
      409	2017-03-22 16:46:55	1	0	1	0
      409	2017-03-22 16:46:57	1	0	1	0
      402	2017-03-22 18:53:23	1	0	1	0
      402	2017-03-22 18:53:24	1	0	1	0
      410	2017-03-22 22:15:49	1	1	1	0
      411	2017-03-22 22:15:51	1	1	1	0
      409	2017-03-22 22:28:04	1	0	1	0
      409	2017-03-22 22:28:09	1	1	1	0
      409	2017-03-22 22:28:11	1	1	1	0
      416	2017-03-22 22:28:19	1	1	1	0
      402	2017-03-22 22:30:01	1	0	1	0
      402	2017-03-22 22:30:06	1	1	1	0
      402	2017-03-22 22:30:07	1	1	1	0
      414	2017-03-23 06:46:53	1	0	1	0
      417	2017-03-23 07:03:52	1	0	1	0
      400	2017-03-23 07:10:59	1	0	1	0
      400	2017-03-23 07:11:08	1	0	1	0
      405	2017-03-23 07:13:34	1	0	1	0
      405	2017-03-23 07:13:36	1	0	1	0
      415	2017-03-23 07:15:29	1	0	1	0
      415	2017-03-23 07:15:34	1	0	1	0
      417	2017-03-23 11:05:38	1	1	1	0
      416	2017-03-23 14:56:28	1	0	1	0
      416	2017-03-23 14:56:29	1	0	1	0
      419	2017-03-23 14:56:37	1	0	1	0
      413	2017-03-23 14:56:41	1	0	1	0
      405	2017-03-23 15:02:33	1	1	1	0
      409	2017-03-23 15:07:17	1	0	1	0
      409	2017-03-23 15:07:19	1	0	1	0
      414	2017-03-23 15:30:02	1	1	1	0
      415	2017-03-23 15:39:43	1	1	1	0
      415	2017-03-23 15:39:47	1	1	1	0
      400	2017-03-23 15:53:59	1	1	1	0
      404	2017-03-23 17:15:07	1	1	1	0
      404	2017-03-23 17:15:16	1	0	1	0
      404	2017-03-23 22:13:39	1	1	1	0
      409	2017-03-23 22:19:22	1	1	1	0
      409	2017-03-23 22:19:23	1	1	1	0
      413	2017-03-23 22:19:29	1	1	1	0
      419	2017-03-23 22:19:39	1	1	1	0
      416	2017-03-23 22:20:54	1	0	1	0
      414	2017-03-24 06:42:55	1	0	1	0
      417	2017-03-24 07:01:08	1	0	1	0
      406	2017-03-24 07:03:24	1	0	1	0
      406	2017-03-24 07:03:26	1	0	1	0
      400	2017-03-24 07:16:42	1	0	1	0
      400	2017-03-24 07:16:48	1	0	1	0
      400	2017-03-24 07:16:49	1	0	1	0
      415	2017-03-24 07:20:17	1	0	1	0
      415	2017-03-24 07:20:21	1	0	1	0
      405	2017-03-24 09:31:24	1	0	1	0
      418	2017-03-24 10:44:08	1	0	1	0
      417	2017-03-24 11:11:57	1	1	1	0
      402	2017-03-24 14:18:26	1	0	1	0
      402	2017-03-24 14:18:27	1	0	1	0
      418	2017-03-24 14:58:48	1	1	1	0
      419	2017-03-24 14:59:34	1	0	1	0
      413	2017-03-24 14:59:39	1	0	1	0
      414	2017-03-24 15:02:28	1	1	1	0
      405	2017-03-24 15:11:21	1	1	1	0
      405	2017-03-24 15:11:23	1	1	1	0
      400	2017-03-24 15:17:49	1	1	1	0
      400	2017-03-24 15:17:51	1	1	1	0
      415	2017-03-24 15:23:23	1	1	1	0
      415	2017-03-24 15:23:28	1	1	1	0
      406	2017-03-24 15:24:47	1	1	1	0
      406	2017-03-24 15:24:49	1	1	1	0
      410	2017-03-24 15:25:47	1	0	1	0
      416	2017-03-24 16:26:58	1	0	1	0
      409	2017-03-24 16:42:51	1	0	1	0
      409	2017-03-24 16:42:52	1	0	1	0
      411	2017-03-24 17:53:50	1	0	1	0
      409	2017-03-24 22:19:02	1	1	1	0
      409	2017-03-24 22:19:04	1	1	1	0
      410	2017-03-24 22:30:08	1	1	1	0
      410	2017-03-24 22:30:18	1	1	1	0
      411	2017-03-24 22:30:45	1	0	1	0
      411	2017-03-24 22:30:46	1	0	1	0
      413	2017-03-24 22:31:08	1	1	1	0
      419	2017-03-24 22:31:15	1	1	1	0
      416	2017-03-24 22:32:39	1	1	1	0
      402	2017-03-24 22:39:39	1	1	1	0
      402	2017-03-24 22:39:40	1	1	1	0
      406	2017-03-25 07:24:47	1	0	1	0
      406	2017-03-25 07:24:48	1	0	1	0
      405	2017-03-25 07:24:51	1	0	1	0
      414	2017-03-25 07:24:55	1	0	1	0
      414	2017-03-25 07:25:01	1	0	1	0
      400	2017-03-25 09:01:40	1	0	1	0
      400	2017-03-25 09:01:42	1	0	1	0
      418	2017-03-25 10:51:28	1	0	1	0
      402	2017-03-25 14:38:52	1	0	1	0
      402	2017-03-25 14:38:54	1	0	1	0
      416	2017-03-25 14:46:20	1	0	1	0
      419	2017-03-25 14:51:28	1	0	1	0
      419	2017-03-25 14:51:33	1	0	1	0
      409	2017-03-25 14:51:37	1	0	1	0
      409	2017-03-25 14:51:39	1	0	1	0
      413	2017-03-25 14:51:44	1	0	1	0
      413	2017-03-25 14:51:48	1	0	1	0
      418	2017-03-25 15:01:21	1	1	1	0
      414	2017-03-25 15:05:33	1	1	1	0
      414	2017-03-25 15:05:36	1	1	1	0
      400	2017-03-25 15:09:17	1	1	1	0
      405	2017-03-25 15:26:27	1	1	1	0
      405	2017-03-25 15:26:29	1	1	1	0
      406	2017-03-25 15:34:40	1	1	1	0
      406	2017-03-25 15:34:41	1	1	1	0
      404	2017-03-25 17:38:47	1	0	1	0
